date,open,high,low,close,adjusted_close,volume,Name
2005-01-03,31.989999771118164,32.22999954223633,30.979999542236328,31.260000228881836,17.761676788330078,17972700,MRK
2005-01-04,31.469999313354492,31.600000381469727,31.010000228881836,31.1299991607666,17.687807083129883,12954000,MRK
2005-01-05,31.1299991607666,31.649999618530273,31.049999237060547,31.34000015258789,17.80712890625,15829400,MRK
2005-01-06,31.5,31.739999771118164,31.34000015258789,31.559999465942383,17.9321231842041,7193500,MRK
2005-01-07,31.520000457763672,31.600000381469727,31.1200008392334,31.1299991607666,17.687807083129883,10313700,MRK
2005-01-10,31.1299991607666,31.5,30.719999313354492,31.5,17.898042678833008,8131600,MRK
2005-01-11,31.479999542236328,31.479999542236328,31.079999923706055,31.170000076293945,17.710538864135742,7535200,MRK
2005-01-12,31.25,31.350000381469727,30.959999084472656,31.079999923706055,17.659406661987305,9950500,MRK
2005-01-13,31.0,31.049999237060547,30.5,30.649999618530273,17.415075302124023,7983500,MRK
2005-01-14,30.399999618530273,30.93000030517578,30.399999618530273,30.8700008392334,17.540081024169922,7168800,MRK
2005-01-18,30.8700008392334,31.40999984741211,30.68000030517578,31.299999237060547,17.78440284729004,8084300,MRK
2005-01-19,31.290000915527344,31.5,30.979999542236328,31.020000457763672,17.625307083129883,8000100,MRK
2005-01-20,31.200000762939453,31.209999084472656,30.639999389648438,30.729999542236328,17.460535049438477,7782700,MRK
2005-01-21,30.760000228881836,30.790000915527344,30.209999084472656,30.360000610351562,17.250301361083984,7155400,MRK
2005-01-24,30.5,30.649999618530273,29.850000381469727,29.850000381469727,16.96052360534668,10357000,MRK
2005-01-25,30.25,31.219999313354492,30.0,30.950000762939453,17.585533142089844,12313900,MRK
2005-01-26,31.0,31.34000015258789,31.0,31.170000076293945,17.710538864135742,7212500,MRK
2005-01-27,31.1200008392334,31.280000686645508,30.81999969482422,31.18000030517578,17.716217041015625,7219800,MRK
2005-01-28,31.329999923706055,31.329999923706055,27.479999542236328,28.020000457763672,15.920734405517578,57156300,MRK
2005-01-31,28.020000457763672,28.18000030517578,27.6200008392334,28.049999237060547,15.937780380249023,29863400,MRK
2005-02-01,28.059999465942383,28.290000915527344,27.780000686645508,27.829999923706055,15.81277847290039,16984100,MRK
2005-02-02,27.93000030517578,28.649999618530273,27.860000610351562,28.459999084472656,16.170732498168945,13754500,MRK
2005-02-03,28.450000762939453,28.639999389648438,28.030000686645508,28.40999984741211,16.1423282623291,13117600,MRK
2005-02-04,28.40999984741211,28.469999313354492,28.219999313354492,28.350000381469727,16.108232498168945,8800700,MRK
2005-02-07,28.200000762939453,28.850000381469727,28.149999618530273,28.43000030517578,16.153697967529297,10140800,MRK
2005-02-08,28.309999465942383,28.84000015258789,28.260000228881836,28.799999237060547,16.363924026489258,8983600,MRK
2005-02-09,28.799999237060547,29.229999542236328,28.610000610351562,28.700000762939453,16.307098388671875,9403400,MRK
2005-02-10,28.799999237060547,28.950000762939453,28.5,28.760000228881836,16.341190338134766,6534300,MRK
2005-02-11,28.75,29.34000015258789,28.690000534057617,29.209999084472656,16.596879959106445,8711000,MRK
2005-02-14,29.110000610351562,29.450000762939453,29.020000457763672,29.40999984741211,16.710521697998047,6681200,MRK
2005-02-15,29.280000686645508,29.709999084472656,29.139999389648438,29.350000381469727,16.676427841186523,7737300,MRK
2005-02-16,29.100000381469727,29.18000030517578,28.770000457763672,29.020000457763672,16.488924026489258,8376600,MRK
2005-02-17,29.020000457763672,29.100000381469727,28.489999771118164,28.850000381469727,16.392330169677734,8118000,MRK
2005-02-18,29.479999542236328,32.61000061035156,29.479999542236328,32.61000061035156,18.528736114501953,58730300,MRK
2005-02-22,32.599998474121094,32.599998474121094,31.18000030517578,31.209999084472656,17.733261108398438,35930900,MRK
2005-02-23,31.540000915527344,32.0,31.280000686645508,31.760000228881836,18.045772552490234,12335400,MRK
2005-02-24,31.799999237060547,32.02000045776367,31.549999237060547,31.989999771118164,18.176454544067383,7522200,MRK
2005-02-25,31.799999237060547,32.15999984741211,31.520000457763672,31.899999618530273,18.12531852722168,8274600,MRK
2005-02-28,31.899999618530273,32.02000045776367,31.3700008392334,31.700000762939453,18.01167869567871,14488400,MRK
2005-03-01,32.060001373291016,32.189998626708984,31.829999923706055,32.130001068115234,18.25600242614746,9345900,MRK
2005-03-02,31.850000381469727,31.90999984741211,31.299999237060547,31.600000381469727,18.169755935668945,9358600,MRK
2005-03-03,31.65999984741211,31.709999084472656,31.100000381469727,31.579999923706055,18.158246994018555,7179800,MRK
2005-03-04,31.690000534057617,31.780000686645508,31.200000762939453,31.68000030517578,18.21575355529785,7322900,MRK
2005-03-07,31.75,31.790000915527344,31.559999465942383,31.700000762939453,18.227251052856445,7663400,MRK
2005-03-08,31.75,31.940000534057617,31.65999984741211,31.729999542236328,18.2445068359375,6709600,MRK
2005-03-09,31.739999771118164,31.950000762939453,31.559999465942383,31.829999923706055,18.301998138427734,7384400,MRK
2005-03-10,31.989999771118164,32.279998779296875,31.8700008392334,32.15999984741211,18.49175453186035,7789400,MRK
2005-03-11,32.279998779296875,32.33000183105469,32.02000045776367,32.15999984741211,18.49175453186035,6125600,MRK
2005-03-14,32.189998626708984,32.38999938964844,32.0,32.290000915527344,18.566503524780273,5539000,MRK
2005-03-15,32.5,32.5,31.950000762939453,32.0,18.39974594116211,6295200,MRK
2005-03-16,32.0,32.13999938964844,31.520000457763672,31.700000762939453,18.227251052856445,7575900,MRK
2005-03-17,31.6299991607666,31.809999465942383,31.520000457763672,31.719999313354492,18.23875617980957,6605000,MRK
2005-03-18,31.850000381469727,32.040000915527344,31.420000076293945,32.040000915527344,18.422752380371094,11280400,MRK
2005-03-21,32.04999923706055,32.04999923706055,31.770000457763672,31.84000015258789,18.307750701904297,6743400,MRK
2005-03-22,32.0,32.09000015258789,31.700000762939453,31.979999542236328,18.388248443603516,8181600,MRK
2005-03-23,31.950000762939453,32.36000061035156,31.899999618530273,32.060001373291016,18.434249877929688,8962700,MRK
2005-03-24,32.09000015258789,32.13999938964844,31.799999237060547,31.8700008392334,18.325002670288086,5628600,MRK
2005-03-28,32.08000183105469,32.09000015258789,31.700000762939453,31.760000228881836,18.261754989624023,6061200,MRK
2005-03-29,31.770000457763672,32.16999816894531,31.760000228881836,32.0099983215332,18.405492782592773,7657700,MRK
2005-03-30,32.150001525878906,32.459999084472656,32.0099983215332,32.439998626708984,18.652740478515625,7754600,MRK
2005-03-31,32.40999984741211,32.599998474121094,32.15999984741211,32.369998931884766,18.61249542236328,8012900,MRK
2005-04-01,32.66999816894531,32.68000030517578,32.22999954223633,32.310001373291016,18.57799530029297,6922500,MRK
2005-04-04,32.380001068115234,32.540000915527344,32.060001373291016,32.5,18.687236785888672,8573200,MRK
2005-04-05,32.689998626708984,33.150001525878906,32.599998474121094,33.040000915527344,18.997739791870117,10618100,MRK
2005-04-06,33.2400016784668,33.43000030517578,32.7599983215332,32.88999938964844,18.911497116088867,7760900,MRK
2005-04-07,32.400001525878906,33.5099983215332,31.979999542236328,33.4900016784668,19.256488800048828,20244500,MRK
2005-04-08,33.70000076293945,33.7400016784668,33.18000030517578,33.33000183105469,19.164491653442383,7271500,MRK
2005-04-11,33.45000076293945,33.59000015258789,33.04999923706055,33.13999938964844,19.055238723754883,4930800,MRK
2005-04-12,33.04999923706055,33.81999969482422,32.95000076293945,33.810001373291016,19.44048500061035,7908000,MRK
2005-04-13,33.810001373291016,35.29999923706055,33.52000045776367,34.52000045776367,19.848735809326172,25685600,MRK
2005-04-14,34.599998474121094,34.970001220703125,34.529998779296875,34.779998779296875,19.998228073120117,14166500,MRK
2005-04-15,35.2400016784668,36.2599983215332,34.7599983215332,34.79999923706055,20.009729385375977,19490900,MRK
2005-04-18,34.75,34.75,34.0,34.43000030517578,19.796977996826172,10407000,MRK
2005-04-19,34.650001525878906,34.83000183105469,34.130001068115234,34.68000030517578,19.94072914123535,8203800,MRK
2005-04-20,34.400001525878906,34.560001373291016,33.599998474121094,34.06999969482422,19.589977264404297,8629800,MRK
2005-04-21,34.970001220703125,34.97999954223633,33.95000076293945,34.279998779296875,19.710731506347656,9455100,MRK
2005-04-22,34.279998779296875,34.400001525878906,33.93000030517578,34.20000076293945,19.66472625732422,7137500,MRK
2005-04-25,34.08000183105469,34.09000015258789,33.52000045776367,33.91999816894531,19.50372886657715,7912500,MRK
2005-04-26,33.88999938964844,33.97999954223633,33.400001525878906,33.599998474121094,19.319732666015625,7348800,MRK
2005-04-27,33.61000061035156,33.849998474121094,33.36000061035156,33.4900016784668,19.256488800048828,7091700,MRK
2005-04-28,33.45000076293945,33.84000015258789,33.279998779296875,33.790000915527344,19.428991317749023,6113300,MRK
2005-04-29,33.70000076293945,34.150001525878906,33.5099983215332,33.900001525878906,19.492237091064453,7928400,MRK
2005-05-02,34.06999969482422,34.130001068115234,33.70000076293945,34.0,19.54973793029785,5647000,MRK
2005-05-03,34.150001525878906,34.43000030517578,34.0,34.41999816894531,19.791221618652344,7169500,MRK
2005-05-04,34.33000183105469,34.95000076293945,34.310001373291016,34.93000030517578,20.0844783782959,6974300,MRK
2005-05-05,34.93000030517578,35.04999923706055,34.349998474121094,34.75,19.980974197387695,8119900,MRK
2005-05-06,34.849998474121094,35.20000076293945,34.0099983215332,34.15999984741211,19.64173126220703,7254600,MRK
2005-05-09,34.02000045776367,34.2400016784668,33.790000915527344,34.20000076293945,19.66472625732422,7019600,MRK
2005-05-10,34.099998474121094,34.130001068115234,33.650001525878906,33.880001068115234,19.48073387145996,6238800,MRK
2005-05-11,33.880001068115234,33.939998626708984,33.400001525878906,33.5,19.262237548828125,6516800,MRK
2005-05-12,33.54999923706055,33.79999923706055,33.400001525878906,33.63999938964844,19.342744827270508,5638100,MRK
2005-05-13,33.75,33.75,33.310001373291016,33.459999084472656,19.239234924316406,7537100,MRK
2005-05-16,33.56999969482422,33.59000015258789,33.29999923706055,33.45000076293945,19.233495712280273,6159300,MRK
2005-05-17,33.0,33.08000183105469,32.59000015258789,33.0099983215332,18.98048973083496,12347200,MRK
2005-05-18,33.22999954223633,33.2400016784668,32.63999938964844,32.95000076293945,18.94598960876465,10863600,MRK
2005-05-19,32.75,32.86000061035156,32.54999923706055,32.790000915527344,18.853992462158203,6232300,MRK
2005-05-20,32.88999938964844,32.95000076293945,32.619998931884766,32.619998931884766,18.756244659423828,9018000,MRK
2005-05-23,32.5,32.959999084472656,32.47999954223633,32.630001068115234,18.761995315551758,5842800,MRK
2005-05-24,32.86000061035156,33.25,32.7400016784668,32.7400016784668,18.825246810913086,7886700,MRK
2005-05-25,32.75,32.880001068115234,32.459999084472656,32.540000915527344,18.710243225097656,6720100,MRK
2005-05-26,32.689998626708984,32.689998626708984,32.220001220703125,32.349998474121094,18.60099983215332,8386400,MRK
2005-05-27,32.400001525878906,32.58000183105469,32.310001373291016,32.45000076293945,18.658493041992188,5104100,MRK
2005-05-31,32.45000076293945,32.54999923706055,32.279998779296875,32.439998626708984,18.652740478515625,13455700,MRK
2005-06-01,32.20000076293945,32.400001525878906,31.90999984741211,32.189998626708984,18.728374481201172,7830000,MRK
2005-06-02,32.16999816894531,32.25,32.0,32.22999954223633,18.751651763916016,5178100,MRK
2005-06-03,32.22999954223633,32.22999954223633,31.899999618530273,32.09000015258789,18.670198440551758,5680100,MRK
2005-06-06,32.060001373291016,32.11000061035156,31.90999984741211,32.029998779296875,18.635290145874023,4536000,MRK
2005-06-07,32.040000915527344,32.38999938964844,31.969999313354492,32.08000183105469,18.664382934570312,5339500,MRK
2005-06-08,32.16999816894531,32.16999816894531,31.579999923706055,31.6299991607666,18.402568817138672,7679400,MRK
2005-06-09,31.5,31.6299991607666,31.25,31.350000381469727,18.239669799804688,7439600,MRK
2005-06-10,31.299999237060547,31.489999771118164,31.079999923706055,31.389999389648438,18.262937545776367,7484200,MRK
2005-06-13,31.020000457763672,31.670000076293945,31.010000228881836,31.549999237060547,18.35602378845215,6176800,MRK
2005-06-14,31.549999237060547,31.850000381469727,31.459999084472656,31.780000686645508,18.48984146118164,5050600,MRK
2005-06-15,31.739999771118164,32.0,31.530000686645508,31.899999618530273,18.559656143188477,6849300,MRK
2005-06-16,32.0,32.16999816894531,31.889999389648438,32.0,18.617843627929688,5867800,MRK
2005-06-17,32.5,32.5,31.8700008392334,32.220001220703125,18.745832443237305,11040800,MRK
2005-06-20,32.0,32.290000915527344,31.920000076293945,32.11000061035156,18.68183708190918,5925300,MRK
2005-06-21,32.20000076293945,32.279998779296875,31.8799991607666,31.989999771118164,18.612018585205078,5628000,MRK
2005-06-22,32.2400016784668,32.2400016784668,31.90999984741211,31.979999542236328,18.606199264526367,6514700,MRK
2005-06-23,31.90999984741211,31.90999984741211,31.219999313354492,31.25,18.181486129760742,9680100,MRK
2005-06-24,31.1299991607666,31.219999313354492,30.450000762939453,30.549999237060547,17.774219512939453,10039000,MRK
2005-06-27,30.399999618530273,30.8799991607666,30.399999618530273,30.5,17.745132446289062,7233700,MRK
2005-06-28,30.780000686645508,31.1200008392334,30.600000381469727,30.969999313354492,18.018564224243164,7471900,MRK
2005-06-29,31.0,31.040000915527344,30.700000762939453,30.829999923706055,17.93712043762207,6737900,MRK
2005-06-30,31.399999618530273,31.399999618530273,30.600000381469727,30.799999237060547,17.919668197631836,8482400,MRK
2005-07-01,30.799999237060547,31.350000381469727,30.799999237060547,31.059999465942383,18.070934295654297,8028700,MRK
2005-07-05,31.110000610351562,31.200000762939453,30.65999984741211,31.100000381469727,18.094209671020508,5827000,MRK
2005-07-06,31.25,31.270000457763672,30.5,30.559999465942383,17.780031204223633,6007800,MRK
2005-07-07,30.299999237060547,30.670000076293945,29.899999618530273,29.979999542236328,17.442584991455078,12336600,MRK
2005-07-08,30.049999237060547,31.040000915527344,30.049999237060547,31.0,18.036029815673828,11344100,MRK
2005-07-11,30.700000762939453,31.270000457763672,30.6200008392334,31.239999771118164,18.1756649017334,8063900,MRK
2005-07-12,31.06999969482422,31.700000762939453,31.020000457763672,31.600000381469727,18.385112762451172,10498500,MRK
2005-07-13,31.75,31.75,31.40999984741211,31.6200008392334,18.396753311157227,6140400,MRK
2005-07-14,31.75,32.02000045776367,31.65999984741211,31.90999984741211,18.565471649169922,6778100,MRK
2005-07-15,31.920000076293945,32.29999923706055,31.770000457763672,31.90999984741211,18.565471649169922,6831800,MRK
2005-07-18,31.90999984741211,32.34000015258789,31.770000457763672,31.8799991607666,18.548017501831055,6228700,MRK
2005-07-19,31.920000076293945,32.099998474121094,31.530000686645508,31.950000762939453,18.5887508392334,5856100,MRK
2005-07-20,31.829999923706055,32.130001068115234,31.450000762939453,31.850000381469727,18.530567169189453,6462300,MRK
2005-07-21,31.450000762939453,31.68000030517578,30.81999969482422,31.3799991607666,18.25712013244629,9192900,MRK
2005-07-22,31.3799991607666,31.3799991607666,30.8799991607666,31.139999389648438,18.117481231689453,6030000,MRK
2005-07-25,31.049999237060547,31.09000015258789,30.6200008392334,30.739999771118164,17.88475799560547,7030700,MRK
2005-07-26,30.780000686645508,31.1200008392334,30.610000610351562,30.690000534057617,17.855667114257812,6182900,MRK
2005-07-27,30.6299991607666,31.399999618530273,30.6200008392334,31.219999313354492,18.164030075073242,6014000,MRK
2005-07-28,31.43000030517578,31.690000534057617,31.229999542236328,31.290000915527344,18.204753875732422,6041300,MRK
2005-07-29,31.020000457763672,31.34000015258789,30.959999084472656,31.059999465942383,18.070934295654297,6452600,MRK
2005-08-01,31.239999771118164,31.239999771118164,30.600000381469727,30.68000030517578,17.849855422973633,6993000,MRK
2005-08-02,30.65999984741211,30.780000686645508,30.350000381469727,30.690000534057617,17.855667114257812,6986800,MRK
2005-08-03,30.690000534057617,30.93000030517578,30.510000228881836,30.81999969482422,17.93130111694336,5873100,MRK
2005-08-04,30.649999618530273,30.780000686645508,30.31999969482422,30.34000015258789,17.65203857421875,6023100,MRK
2005-08-05,30.389999389648438,30.920000076293945,30.360000610351562,30.65999984741211,17.838212966918945,9463300,MRK
2005-08-08,30.850000381469727,30.850000381469727,30.389999389648438,30.450000762939453,17.716035842895508,5318400,MRK
2005-08-09,30.690000534057617,31.0,30.579999923706055,30.979999542236328,18.024391174316406,7298400,MRK
2005-08-10,31.18000030517578,31.459999084472656,31.030000686645508,31.170000076293945,18.13493537902832,6434000,MRK
2005-08-11,31.18000030517578,31.40999984741211,30.90999984741211,31.09000015258789,18.08838653564453,5456700,MRK
2005-08-12,31.010000228881836,31.049999237060547,30.479999542236328,30.549999237060547,17.774219512939453,6988100,MRK
2005-08-15,30.600000381469727,30.780000686645508,30.43000030517578,30.65999984741211,17.838212966918945,5205400,MRK
2005-08-16,30.700000762939453,30.75,30.299999237060547,30.299999237060547,17.628767013549805,6281000,MRK
2005-08-17,30.299999237060547,30.649999618530273,30.299999237060547,30.559999465942383,17.780031204223633,6823200,MRK
2005-08-18,30.469999313354492,30.739999771118164,30.350000381469727,30.40999984741211,17.69276237487793,8037300,MRK
2005-08-19,30.389999389648438,30.59000015258789,27.75,28.059999465942383,16.325515747070312,38425600,MRK
2005-08-22,27.450000762939453,27.989999771118164,27.149999618530273,27.889999389648438,16.22661018371582,46900700,MRK
2005-08-23,27.780000686645508,27.8799991607666,27.520000457763672,27.579999923706055,16.04624366760254,15903200,MRK
2005-08-24,27.549999237060547,28.079999923706055,27.549999237060547,27.829999923706055,16.191699981689453,14933400,MRK
2005-08-25,27.850000381469727,27.920000076293945,27.690000534057617,27.770000457763672,16.15679168701172,7985900,MRK
2005-08-26,27.719999313354492,27.790000915527344,27.520000457763672,27.65999984741211,16.092788696289062,8177200,MRK
2005-08-29,27.479999542236328,28.299999237060547,27.459999084472656,28.1200008392334,16.36042022705078,11336100,MRK
2005-08-30,28.110000610351562,28.290000915527344,28.0,28.290000915527344,16.459333419799805,10365200,MRK
2005-08-31,28.0,28.31999969482422,27.809999465942383,28.229999542236328,16.648040771484375,13077300,MRK
2005-09-01,28.31999969482422,28.540000915527344,28.229999542236328,28.40999984741211,16.754196166992188,9048900,MRK
2005-09-02,28.65999984741211,28.989999771118164,28.489999771118164,28.829999923706055,17.00188636779785,11014300,MRK
2005-09-06,28.84000015258789,29.079999923706055,28.75,28.989999771118164,17.09623908996582,12083300,MRK
2005-09-07,28.8700008392334,29.260000228881836,28.860000610351562,29.25,17.24956512451172,10157700,MRK
2005-09-08,29.43000030517578,29.459999084472656,29.010000228881836,29.190000534057617,17.214183807373047,6662800,MRK
2005-09-09,29.010000228881836,29.329999923706055,28.780000686645508,29.309999465942383,17.284954071044922,8753400,MRK
2005-09-12,29.139999389648438,29.239999771118164,28.790000915527344,29.15999984741211,17.196491241455078,5707000,MRK
2005-09-13,28.809999465942383,29.079999923706055,28.649999618530273,28.670000076293945,16.90752410888672,10212800,MRK
2005-09-14,28.799999237060547,29.049999237060547,28.6299991607666,28.700000762939453,16.925220489501953,7205200,MRK
2005-09-15,28.700000762939453,28.899999618530273,28.579999923706055,28.760000228881836,16.960594177246094,5150400,MRK
2005-09-16,29.0,29.0,28.5,28.899999618530273,17.043167114257812,11760400,MRK
2005-09-19,28.68000030517578,28.75,28.43000030517578,28.649999618530273,16.89573860168457,6061900,MRK
2005-09-20,28.549999237060547,28.639999389648438,28.079999923706055,28.18000030517578,16.618562698364258,7965300,MRK
2005-09-21,28.18000030517578,28.18000030517578,27.68000030517578,27.799999237060547,16.394460678100586,6807900,MRK
2005-09-22,27.68000030517578,27.799999237060547,27.469999313354492,27.600000381469727,16.276519775390625,7764500,MRK
2005-09-23,27.65999984741211,27.75,27.40999984741211,27.6200008392334,16.288314819335938,5938500,MRK
2005-09-26,28.0,28.040000915527344,27.549999237060547,27.829999923706055,16.412153244018555,7693600,MRK
2005-09-27,27.899999618530273,27.93000030517578,27.40999984741211,27.450000762939453,16.188060760498047,7444000,MRK
2005-09-28,27.239999771118164,27.829999923706055,27.239999771118164,27.520000457763672,16.229337692260742,8352200,MRK
2005-09-29,27.59000015258789,27.600000381469727,26.969999313354492,27.31999969482422,16.11139678955078,8965700,MRK
2005-09-30,27.25,27.43000030517578,27.1299991607666,27.209999084472656,16.046525955200195,11924500,MRK
2005-10-03,27.420000076293945,27.649999618530273,27.25,27.25,16.070110321044922,11026100,MRK
2005-10-04,27.649999618530273,27.649999618530273,27.100000381469727,27.200000762939453,16.04062271118164,9509500,MRK
2005-10-05,27.149999618530273,27.280000686645508,26.8799991607666,26.889999389648438,15.857810020446777,7750400,MRK
2005-10-06,27.799999237060547,27.84000015258789,26.639999389648438,26.829999923706055,15.82242488861084,20746000,MRK
2005-10-07,27.350000381469727,27.530000686645508,25.5,25.850000381469727,15.244492530822754,14317500,MRK
2005-10-10,26.5,26.969999313354492,26.209999084472656,26.899999618530273,15.863710403442383,12567500,MRK
2005-10-11,27.100000381469727,27.139999389648438,26.579999923706055,26.75,15.775246620178223,10508000,MRK
2005-10-12,27.239999771118164,27.239999771118164,26.739999771118164,26.780000686645508,15.792938232421875,8281500,MRK
2005-10-13,26.799999237060547,27.190000534057617,26.709999084472656,26.809999465942383,15.81063175201416,7462500,MRK
2005-10-14,26.829999923706055,27.200000762939453,26.59000015258789,27.15999984741211,16.017038345336914,8366200,MRK
2005-10-17,27.100000381469727,27.31999969482422,26.670000076293945,27.079999923706055,15.969849586486816,5513700,MRK
2005-10-18,26.889999389648438,27.34000015258789,26.850000381469727,27.049999237060547,15.952165603637695,10435200,MRK
2005-10-19,27.1200008392334,27.149999618530273,26.780000686645508,26.920000076293945,15.875494956970215,8604700,MRK
2005-10-20,27.0,27.31999969482422,26.6200008392334,26.920000076293945,15.875494956970215,9406100,MRK
2005-10-21,26.920000076293945,27.049999237060547,26.1299991607666,26.18000030517578,15.439102172851562,9551400,MRK
2005-10-24,26.940000534057617,27.040000915527344,26.1299991607666,27.0,15.922682762145996,9666700,MRK
2005-10-25,26.75,27.110000610351562,26.719999313354492,27.020000457763672,15.934476852416992,6925900,MRK
2005-10-26,26.920000076293945,27.25,26.90999984741211,27.190000534057617,16.03472328186035,6803000,MRK
2005-10-27,27.010000228881836,27.190000534057617,26.920000076293945,26.920000076293945,15.875494956970215,6419400,MRK
2005-10-28,27.3799991607666,27.56999969482422,27.200000762939453,27.540000915527344,16.241130828857422,10430900,MRK
2005-10-31,27.729999542236328,28.260000228881836,27.649999618530273,28.219999313354492,16.642152786254883,12677700,MRK
2005-11-01,28.450000762939453,28.639999389648438,28.200000762939453,28.520000457763672,16.819063186645508,11689200,MRK
2005-11-02,28.239999771118164,28.459999084472656,27.799999237060547,28.40999984741211,16.754196166992188,9633200,MRK
2005-11-03,28.450000762939453,30.899999618530273,28.389999389648438,29.479999542236328,17.385208129882812,38110500,MRK
2005-11-04,29.399999618530273,29.5,29.010000228881836,29.219999313354492,17.23188018798828,9770500,MRK
2005-11-07,29.219999313354492,29.459999084472656,29.0,29.450000762939453,17.36751365661621,5711800,MRK
2005-11-08,29.479999542236328,29.829999923706055,29.34000015258789,29.3700008392334,17.320337295532227,6742000,MRK
2005-11-09,29.149999618530273,29.719999313354492,29.149999618530273,29.59000015258789,17.450077056884766,6525400,MRK
2005-11-10,29.700000762939453,30.100000381469727,29.59000015258789,30.030000686645508,17.70956039428711,8243000,MRK
2005-11-11,30.079999923706055,30.079999923706055,29.579999923706055,30.030000686645508,17.70956039428711,8658600,MRK
2005-11-14,30.0,30.239999771118164,29.969999313354492,30.229999542236328,17.827510833740234,8421500,MRK
2005-11-15,30.200000762939453,30.360000610351562,29.940000534057617,30.020000457763672,17.703662872314453,10031600,MRK
2005-11-16,30.110000610351562,30.25,29.59000015258789,29.780000686645508,17.56212043762207,8269200,MRK
2005-11-17,29.989999771118164,30.020000457763672,29.520000457763672,29.610000610351562,17.461875915527344,7457000,MRK
2005-11-18,29.920000076293945,30.450000762939453,29.649999618530273,30.420000076293945,17.939546585083008,13621200,MRK
2005-11-21,30.40999984741211,30.540000915527344,30.18000030517578,30.469999313354492,17.96904182434082,7832000,MRK
2005-11-22,30.479999542236328,30.639999389648438,30.270000457763672,30.510000228881836,17.992630004882812,6643200,MRK
2005-11-23,30.600000381469727,30.8700008392334,30.40999984741211,30.809999465942383,18.169546127319336,5763700,MRK
2005-11-25,30.799999237060547,31.010000228881836,30.65999984741211,30.979999542236328,18.269798278808594,3484500,MRK
2005-11-28,31.010000228881836,31.010000228881836,29.290000915527344,29.559999465942383,17.432382583618164,26204000,MRK
2005-11-29,29.600000381469727,30.309999465942383,29.600000381469727,30.020000457763672,17.703662872314453,17168400,MRK
2005-11-30,29.739999771118164,29.950000762939453,29.3700008392334,29.399999618530273,17.5603084564209,10346400,MRK
2005-12-01,29.690000534057617,29.8700008392334,29.350000381469727,29.68000030517578,17.727550506591797,9595900,MRK
2005-12-02,29.6299991607666,30.0,29.6200008392334,29.969999313354492,17.900766372680664,6936300,MRK
2005-12-05,29.770000457763672,30.1299991607666,29.700000762939453,30.110000610351562,17.98438835144043,9057900,MRK
2005-12-06,30.110000610351562,30.420000076293945,30.049999237060547,30.1299991607666,17.996326446533203,8561100,MRK
2005-12-07,30.030000686645508,30.510000228881836,29.920000076293945,30.290000915527344,18.091896057128906,9162500,MRK
2005-12-08,30.200000762939453,30.389999389648438,29.6200008392334,29.68000030517578,17.727550506591797,13320200,MRK
2005-12-09,29.020000457763672,29.239999771118164,28.760000228881836,29.1299991607666,17.3990421295166,17835500,MRK
2005-12-12,28.75,29.600000381469727,27.989999771118164,28.40999984741211,16.968994140625,24204600,MRK
2005-12-13,28.530000686645508,29.149999618530273,28.5,28.899999618530273,17.261661529541016,12925700,MRK
2005-12-14,28.899999618530273,29.760000228881836,28.8799991607666,29.200000762939453,17.44085121154785,16000300,MRK
2005-12-15,29.700000762939453,30.200000762939453,29.5,29.770000457763672,17.78130531311035,17071800,MRK
2005-12-16,29.600000381469727,30.09000015258789,29.600000381469727,30.010000228881836,17.924657821655273,16605000,MRK
2005-12-19,30.950000762939453,32.29999923706055,30.950000762939453,32.25,19.26258659362793,38722700,MRK
2005-12-20,32.11000061035156,32.349998474121094,31.809999465942383,31.989999771118164,19.10729217529297,15658400,MRK
2005-12-21,32.13999938964844,32.13999938964844,31.829999923706055,31.93000030517578,19.071447372436523,7368200,MRK
2005-12-22,31.889999389648438,32.040000915527344,31.700000762939453,32.0099983215332,19.11924171447754,7444600,MRK
2005-12-23,31.610000610351562,32.2400016784668,31.610000610351562,32.20000076293945,19.232723236083984,4808900,MRK
2005-12-27,32.099998474121094,32.2400016784668,31.809999465942383,31.940000534057617,19.077430725097656,6366200,MRK
2005-12-28,32.040000915527344,32.189998626708984,31.799999237060547,31.90999984741211,19.059505462646484,6475300,MRK
2005-12-29,32.08000183105469,32.540000915527344,32.08000183105469,32.349998474121094,19.322317123413086,7650500,MRK
2005-12-30,32.349998474121094,32.349998474121094,31.760000228881836,31.809999465942383,18.999786376953125,8295000,MRK
2006-01-03,32.52000045776367,32.869998931884766,31.809999465942383,32.75,19.561233520507812,11627600,MRK
2006-01-04,32.75,33.20000076293945,32.75,33.130001068115234,19.788196563720703,12547200,MRK
2006-01-05,32.91999816894531,33.38999938964844,32.5,33.18000030517578,19.81806182861328,15633500,MRK
2006-01-06,33.09000015258789,33.36000061035156,32.869998931884766,33.119998931884766,19.78223419189453,9328300,MRK
2006-01-09,33.220001220703125,33.65999984741211,32.75,33.65999984741211,20.104766845703125,15937900,MRK
2006-01-10,33.45000076293945,33.45000076293945,33.130001068115234,33.33000183105469,19.90766143798828,8979400,MRK
2006-01-11,33.4900016784668,33.59000015258789,33.310001373291016,33.459999084472656,19.985307693481445,9547300,MRK
2006-01-12,33.560001373291016,33.58000183105469,33.349998474121094,33.47999954223633,19.99725341796875,7148600,MRK
2006-01-13,33.529998779296875,33.720001220703125,33.349998474121094,33.470001220703125,19.991283416748047,7080400,MRK
2006-01-17,33.11000061035156,33.650001525878906,33.0099983215332,33.209999084472656,19.835981369018555,10258100,MRK
2006-01-18,33.119998931884766,33.41999816894531,32.95000076293945,33.029998779296875,19.728471755981445,9141200,MRK
2006-01-19,33.36000061035156,33.630001068115234,33.220001220703125,33.31999969482422,19.901683807373047,9322400,MRK
2006-01-20,33.31999969482422,33.43000030517578,33.0099983215332,33.25,19.859878540039062,10139100,MRK
2006-01-23,33.13999938964844,33.209999084472656,32.7599983215332,32.83000183105469,19.60901641845703,7769700,MRK
2006-01-24,32.72999954223633,33.0099983215332,32.61000061035156,32.779998779296875,19.579151153564453,7711000,MRK
2006-01-25,32.70000076293945,33.2400016784668,32.54999923706055,33.189998626708984,19.824037551879883,8122300,MRK
2006-01-26,33.34000015258789,34.04999923706055,33.31999969482422,33.95000076293945,20.277973175048828,11075200,MRK
2006-01-27,33.79999923706055,34.849998474121094,33.709999084472656,34.70000076293945,20.72594451904297,10949400,MRK
2006-01-30,34.40999984741211,34.650001525878906,34.060001373291016,34.459999084472656,20.58259391784668,10054500,MRK
2006-01-31,34.869998931884766,34.880001068115234,34.38999938964844,34.5,20.606489181518555,14980800,MRK
2006-02-01,34.27000045776367,34.7400016784668,34.20000076293945,34.65999984741211,20.702049255371094,8721500,MRK
2006-02-02,34.54999923706055,34.72999954223633,33.70000076293945,33.81999969482422,20.20033073425293,10660400,MRK
2006-02-03,34.5,34.63999938964844,33.81999969482422,34.38999938964844,20.54078483581543,10410400,MRK
2006-02-06,34.2400016784668,34.290000915527344,33.7400016784668,33.83000183105469,20.20630645751953,6760300,MRK
2006-02-07,33.70000076293945,34.400001525878906,33.560001373291016,33.689998626708984,20.1226863861084,6745800,MRK
2006-02-08,33.900001525878906,34.47999954223633,33.63999938964844,34.290000915527344,20.481060028076172,9348400,MRK
2006-02-09,34.47999954223633,34.70000076293945,34.29999923706055,34.34000015258789,20.510927200317383,8609400,MRK
2006-02-10,33.70000076293945,34.400001525878906,33.65999984741211,34.310001373291016,20.49300765991211,7243400,MRK
2006-02-13,34.31999969482422,34.689998626708984,34.130001068115234,34.310001373291016,20.49300765991211,5723700,MRK
2006-02-14,34.5099983215332,34.720001220703125,34.349998474121094,34.66999816894531,20.708024978637695,6626800,MRK
2006-02-15,34.58000183105469,35.29999923706055,34.58000183105469,35.290000915527344,21.078340530395508,12796700,MRK
2006-02-16,35.0,36.08000183105469,34.97999954223633,35.97999954223633,21.490474700927734,12323900,MRK
2006-02-17,35.97999954223633,36.060001373291016,35.52000045776367,36.04999923706055,21.532285690307617,11737600,MRK
2006-02-21,36.52000045776367,36.650001525878906,35.470001220703125,35.59000015258789,21.25753402709961,9821900,MRK
2006-02-22,35.810001373291016,36.25,35.5,35.91999816894531,21.454631805419922,11982400,MRK
2006-02-23,35.54999923706055,35.70000076293945,35.290000915527344,35.40999984741211,21.1500244140625,10516300,MRK
2006-02-24,35.540000915527344,35.540000915527344,35.0,35.099998474121094,20.964859008789062,6529800,MRK
2006-02-27,35.02000045776367,35.59000015258789,35.02000045776367,35.36000061035156,21.120155334472656,8139400,MRK
2006-02-28,35.09000015258789,35.290000915527344,34.86000061035156,34.86000061035156,20.821510314941406,8523100,MRK
2006-03-01,35.04999923706055,35.15999984741211,34.709999084472656,34.959999084472656,20.881237030029297,7650100,MRK
2006-03-02,34.75,35.2599983215332,34.709999084472656,35.119998931884766,20.976806640625,9072700,MRK
2006-03-03,34.939998626708984,35.41999816894531,34.75,35.189998626708984,21.018613815307617,6615400,MRK
2006-03-06,35.11000061035156,35.349998474121094,34.79999923706055,34.959999084472656,20.881237030029297,8012400,MRK
2006-03-07,34.959999084472656,35.0,34.68000030517578,34.900001525878906,20.845401763916016,5514100,MRK
2006-03-08,34.599998474121094,34.849998474121094,34.34000015258789,34.68000030517578,20.9420223236084,5717000,MRK
2006-03-09,34.56999969482422,34.650001525878906,34.38999938964844,34.5099983215332,20.83936309814453,5120300,MRK
2006-03-10,34.75,34.959999084472656,34.5,34.7599983215332,20.990324020385742,5915200,MRK
2006-03-13,34.779998779296875,35.349998474121094,34.75,35.20000076293945,21.256032943725586,8153200,MRK
2006-03-14,35.099998474121094,35.459999084472656,34.95000076293945,35.099998474121094,21.195650100708008,5906300,MRK
2006-03-15,35.0,35.27000045776367,34.880001068115234,35.15999984741211,21.23188018798828,5119200,MRK
2006-03-16,35.0,35.5099983215332,34.959999084472656,35.279998779296875,21.30433464050293,6167100,MRK
2006-03-17,35.470001220703125,35.689998626708984,35.349998474121094,35.63999938964844,21.521730422973633,8743300,MRK
2006-03-20,35.540000915527344,35.93000030517578,35.41999816894531,35.65999984741211,21.533811569213867,5649500,MRK
2006-03-21,35.86000061035156,36.18000030517578,35.63999938964844,35.88999938964844,21.672693252563477,7387200,MRK
2006-03-22,35.54999923706055,36.31999969482422,35.54999923706055,36.22999954223633,21.878013610839844,6214200,MRK
2006-03-23,36.099998474121094,36.5,35.90999984741211,36.20000076293945,21.859905242919922,5502400,MRK
2006-03-24,36.119998931884766,36.31999969482422,36.0,36.04999923706055,21.769309997558594,5098700,MRK
2006-03-27,35.90999984741211,36.25,35.79999923706055,36.02000045776367,21.751205444335938,5835600,MRK
2006-03-28,36.040000915527344,36.150001525878906,35.5099983215332,35.650001525878906,21.527772903442383,6385400,MRK
2006-03-29,35.72999954223633,36.08000183105469,35.560001373291016,35.79999923706055,21.61835289001465,8209300,MRK
2006-03-30,35.720001220703125,36.13999938964844,35.220001220703125,35.61000061035156,21.503620147705078,7383500,MRK
2006-03-31,35.77000045776367,35.91999816894531,35.029998779296875,35.22999954223633,21.274147033691406,8812600,MRK
2006-04-03,35.470001220703125,35.61000061035156,35.310001373291016,35.40999984741211,21.382848739624023,10015900,MRK
2006-04-04,35.75,35.900001525878906,35.40999984741211,35.47999954223633,21.425113677978516,9065900,MRK
2006-04-05,35.380001068115234,36.09000015258789,35.36000061035156,35.9900016784668,21.733089447021484,8904700,MRK
2006-04-06,34.619998931884766,35.040000915527344,34.2599983215332,34.84000015258789,21.038637161254883,21045200,MRK
2006-04-07,34.5,34.790000915527344,34.29999923706055,34.470001220703125,20.81520652770996,11054100,MRK
2006-04-10,34.40999984741211,34.790000915527344,34.349998474121094,34.41999816894531,20.785015106201172,7595000,MRK
2006-04-11,34.41999816894531,35.099998474121094,33.790000915527344,34.060001373291016,20.567628860473633,13406000,MRK
2006-04-12,33.900001525878906,34.029998779296875,33.619998931884766,33.849998474121094,20.440811157226562,8252300,MRK
2006-04-13,33.650001525878906,34.0,33.650001525878906,33.939998626708984,20.495168685913086,5535000,MRK
2006-04-17,33.900001525878906,33.939998626708984,33.54999923706055,33.79999923706055,20.410621643066406,5330800,MRK
2006-04-18,33.72999954223633,34.4900016784668,33.720001220703125,34.47999954223633,20.821250915527344,9102200,MRK
2006-04-19,34.45000076293945,34.779998779296875,34.220001220703125,34.400001525878906,20.7729434967041,6324100,MRK
2006-04-20,34.619998931884766,35.2599983215332,34.52000045776367,35.0,21.135251998901367,8367700,MRK
2006-04-21,35.189998626708984,35.189998626708984,34.25,34.7400016784668,20.978254318237305,11507400,MRK
2006-04-24,34.31999969482422,34.7400016784668,34.119998931884766,34.369998931884766,20.75482177734375,6851600,MRK
2006-04-25,34.290000915527344,34.38999938964844,33.900001525878906,34.2400016784668,20.676321029663086,5495500,MRK
2006-04-26,34.29999923706055,34.79999923706055,34.209999084472656,34.31999969482422,20.724628448486328,6556500,MRK
2006-04-27,34.0,34.939998626708984,34.0,34.599998474121094,20.893718719482422,6502600,MRK
2006-04-28,34.41999816894531,34.70000076293945,34.18000030517578,34.41999816894531,20.785015106201172,7130000,MRK
2006-05-01,34.66999816894531,34.849998474121094,34.04999923706055,34.2400016784668,20.676321029663086,7481000,MRK
2006-05-02,34.2400016784668,34.560001373291016,33.9900016784668,34.47999954223633,20.821250915527344,6221900,MRK
2006-05-03,34.5,34.68000030517578,34.060001373291016,34.150001525878906,20.621978759765625,7617000,MRK
2006-05-04,34.08000183105469,34.400001525878906,34.08000183105469,34.310001373291016,20.718595504760742,6211800,MRK
2006-05-05,34.439998626708984,34.54999923706055,34.040000915527344,34.47999954223633,20.821250915527344,7036300,MRK
2006-05-08,34.77000045776367,34.790000915527344,34.25,34.45000076293945,20.803131103515625,6393700,MRK
2006-05-09,34.45000076293945,34.939998626708984,34.33000183105469,34.43000030517578,20.79104995727539,8481300,MRK
2006-05-10,34.439998626708984,34.779998779296875,34.29999923706055,34.66999816894531,20.93598175048828,8004600,MRK
2006-05-11,34.61000061035156,34.88999938964844,34.40999984741211,34.5099983215332,20.83936309814453,7270400,MRK
2006-05-12,34.47999954223633,34.83000183105469,34.18000030517578,34.290000915527344,20.706514358520508,8282500,MRK
2006-05-15,34.529998779296875,35.279998779296875,34.310001373291016,34.689998626708984,20.948057174682617,10329900,MRK
2006-05-16,34.849998474121094,35.400001525878906,34.79999923706055,35.119998931884766,21.20772361755371,8921600,MRK
2006-05-17,35.0,35.5099983215332,34.18000030517578,34.34000015258789,20.736713409423828,15114000,MRK
2006-05-18,34.540000915527344,35.34000015258789,34.380001068115234,35.130001068115234,21.213760375976562,15509200,MRK
2006-05-19,35.25,35.25,34.130001068115234,34.41999816894531,20.785015106201172,14230800,MRK
2006-05-22,34.31999969482422,34.61000061035156,34.29999923706055,34.40999984741211,20.778980255126953,12577600,MRK
2006-05-23,34.36000061035156,34.599998474121094,34.0099983215332,34.439998626708984,20.79709243774414,11452900,MRK
2006-05-24,34.25,34.630001068115234,33.88999938964844,33.939998626708984,20.495168685913086,11024800,MRK
2006-05-25,34.0,34.439998626708984,34.0,34.38999938964844,20.766904830932617,11302700,MRK
2006-05-26,34.47999954223633,35.029998779296875,34.470001220703125,34.560001373291016,20.86956214904785,9603100,MRK
2006-05-30,34.310001373291016,34.630001068115234,33.13999938964844,33.13999938964844,20.012069702148438,16732800,MRK
2006-05-31,33.0099983215332,33.34000015258789,32.75,33.290000915527344,20.33583641052246,12674100,MRK
2006-06-01,33.5099983215332,33.81999969482422,33.36000061035156,33.79999923706055,20.64737319946289,12537700,MRK
2006-06-02,33.650001525878906,34.2400016784668,33.5,33.95000076293945,20.7390079498291,6675500,MRK
2006-06-05,33.849998474121094,34.029998779296875,33.40999984741211,33.470001220703125,20.445791244506836,5198600,MRK
2006-06-06,33.70000076293945,33.95000076293945,33.400001525878906,33.900001525878906,20.708463668823242,8406200,MRK
2006-06-07,34.08000183105469,34.5099983215332,33.939998626708984,33.959999084472656,20.74510955810547,8836600,MRK
2006-06-08,33.91999816894531,34.540000915527344,33.459999084472656,33.970001220703125,20.751216888427734,14159700,MRK
2006-06-09,34.0,34.150001525878906,33.7599983215332,33.810001373291016,20.653480529785156,7488700,MRK
2006-06-12,34.060001373291016,34.130001068115234,33.36000061035156,33.369998931884766,20.384702682495117,6550300,MRK
2006-06-13,33.61000061035156,34.06999969482422,33.15999984741211,33.65999984741211,20.561853408813477,10793900,MRK
2006-06-14,33.560001373291016,33.7400016784668,33.119998931884766,33.4900016784668,20.4580078125,7093400,MRK
2006-06-15,33.560001373291016,34.43000030517578,33.459999084472656,34.33000183105469,20.971134185791016,10485600,MRK
2006-06-16,34.400001525878906,34.75,34.09000015258789,34.40999984741211,21.020008087158203,9502700,MRK
2006-06-19,34.4900016784668,34.77000045776367,34.400001525878906,34.459999084472656,21.05054473876953,8342700,MRK
2006-06-20,34.619998931884766,35.02000045776367,34.5,34.91999816894531,21.331546783447266,9215100,MRK
2006-06-21,34.91999816894531,35.45000076293945,34.88999938964844,35.27000045776367,21.545351028442383,8523500,MRK
2006-06-22,35.18000030517578,35.650001525878906,35.04999923706055,35.25,21.533138275146484,9061100,MRK
2006-06-23,35.040000915527344,35.06999969482422,34.709999084472656,34.939998626708984,21.34376335144043,7167000,MRK
2006-06-26,35.099998474121094,35.459999084472656,34.70000076293945,35.02000045776367,21.39263153076172,7711600,MRK
2006-06-27,34.900001525878906,34.97999954223633,34.61000061035156,34.709999084472656,21.203266143798828,6265300,MRK
2006-06-28,34.9900016784668,35.349998474121094,34.91999816894531,35.099998474121094,21.441490173339844,8277400,MRK
2006-06-29,35.18000030517578,36.0,35.150001525878906,35.88999938964844,21.924089431762695,10246600,MRK
2006-06-30,36.06999969482422,36.84000015258789,36.0099983215332,36.43000030517578,22.25395965576172,12833600,MRK
2006-07-03,36.900001525878906,36.93000030517578,36.459999084472656,36.619998931884766,22.370023727416992,8743000,MRK
2006-07-05,36.63999938964844,36.90999984741211,36.5099983215332,36.689998626708984,22.41278076171875,8608600,MRK
2006-07-06,36.70000076293945,36.95000076293945,36.5,36.65999984741211,22.39445686340332,9700400,MRK
2006-07-07,36.70000076293945,37.0,36.34000015258789,36.970001220703125,22.58382797241211,10006800,MRK
2006-07-10,37.0,37.290000915527344,36.81999969482422,36.81999969482422,22.492198944091797,8482700,MRK
2006-07-11,37.0,37.34000015258789,36.540000915527344,37.27000045776367,22.767091751098633,9191500,MRK
2006-07-12,37.18000030517578,37.38999938964844,36.470001220703125,36.70000076293945,22.41889190673828,7399300,MRK
2006-07-13,36.5,37.04999923706055,35.0,36.939998626708984,22.565502166748047,20898900,MRK
2006-07-14,36.939998626708984,37.060001373291016,35.7599983215332,36.150001525878906,22.082918167114258,10431100,MRK
2006-07-17,36.150001525878906,36.5,35.88999938964844,36.369998931884766,22.217302322387695,6903300,MRK
2006-07-18,36.369998931884766,36.939998626708984,36.27000045776367,36.689998626708984,22.41278076171875,7476500,MRK
2006-07-19,36.849998474121094,37.630001068115234,36.54999923706055,37.31999969482422,22.797632217407227,14715300,MRK
2006-07-20,37.09000015258789,37.43000030517578,37.04999923706055,37.29999923706055,22.785419464111328,6417000,MRK
2006-07-21,37.38999938964844,37.56999969482422,37.189998626708984,37.36000061035156,22.822063446044922,9234600,MRK
2006-07-24,38.0,39.189998626708984,38.0,38.95000076293945,23.793352127075195,20042600,MRK
2006-07-25,39.279998779296875,39.4900016784668,38.970001220703125,39.27000045776367,23.988821029663086,11778800,MRK
2006-07-26,39.15999984741211,40.2599983215332,39.150001525878906,40.18000030517578,24.54471778869629,13372100,MRK
2006-07-27,40.27000045776367,41.060001373291016,40.04999923706055,40.97999954223633,25.033411026000977,20332800,MRK
2006-07-28,41.0,41.7599983215332,40.75,41.119998931884766,25.118934631347656,16524700,MRK
2006-07-31,41.11000061035156,41.11000061035156,40.15999984741211,40.27000045776367,24.599699020385742,12238200,MRK
2006-08-01,40.380001068115234,41.09000015258789,40.18000030517578,40.81999969482422,24.9356689453125,9859600,MRK
2006-08-02,40.79999923706055,41.09000015258789,40.66999816894531,41.029998779296875,25.063949584960938,10245000,MRK
2006-08-03,41.11000061035156,41.7599983215332,40.77000045776367,41.59000015258789,25.406049728393555,9941000,MRK
2006-08-04,41.63999938964844,41.779998779296875,40.970001220703125,41.349998474121094,25.259431838989258,7716500,MRK
2006-08-07,41.349998474121094,41.470001220703125,40.15999984741211,40.84000015258789,24.947895050048828,8569700,MRK
2006-08-08,41.0099983215332,41.279998779296875,40.70000076293945,40.97999954223633,25.033411026000977,8243100,MRK
2006-08-09,41.0,41.709999084472656,40.9900016784668,41.459999084472656,25.326629638671875,9394400,MRK
2006-08-10,41.20000076293945,41.43000030517578,40.86000061035156,41.33000183105469,25.24721908569336,6684100,MRK
2006-08-11,40.95000076293945,41.04999923706055,40.41999816894531,40.599998474121094,24.801288604736328,8429200,MRK
2006-08-14,40.849998474121094,41.29999923706055,40.709999084472656,40.880001068115234,24.972322463989258,6728300,MRK
2006-08-15,41.22999954223633,41.400001525878906,40.880001068115234,40.95000076293945,25.015087127685547,9603700,MRK
2006-08-16,41.25,41.41999816894531,40.970001220703125,41.18000030517578,25.15558624267578,6863800,MRK
2006-08-17,41.29999923706055,41.72999954223633,38.0,38.83000183105469,23.720041275024414,36579100,MRK
2006-08-18,38.599998474121094,39.81999969482422,38.349998474121094,39.52000045776367,24.141544342041016,21824100,MRK
2006-08-21,40.0,40.20000076293945,39.43000030517578,39.650001525878906,24.22096061706543,12536000,MRK
2006-08-22,39.58000183105469,40.25,39.54999923706055,39.75,24.282039642333984,9741100,MRK
2006-08-23,39.849998474121094,40.59000015258789,39.779998779296875,40.459999084472656,24.71576690673828,10788400,MRK
2006-08-24,40.81999969482422,40.880001068115234,39.95000076293945,40.060001373291016,24.471416473388672,12015000,MRK
2006-08-25,39.79999923706055,40.72999954223633,39.79999923706055,40.439998626708984,24.70354461669922,7909400,MRK
2006-08-28,40.25,41.220001220703125,40.209999084472656,40.95000076293945,25.015087127685547,8882900,MRK
2006-08-29,40.900001525878906,41.369998931884766,40.7400016784668,41.27000045776367,25.2105770111084,10621000,MRK
2006-08-30,40.939998626708984,41.25,40.70000076293945,40.79999923706055,25.155078887939453,7847000,MRK
2006-08-31,40.810001373291016,40.970001220703125,40.349998474121094,40.54999923706055,25.000940322875977,6917700,MRK
2006-09-01,40.52000045776367,41.029998779296875,40.36000061035156,40.959999084472656,25.25373077392578,5722700,MRK
2006-09-05,40.9900016784668,41.189998626708984,40.599998474121094,41.16999816894531,25.383201599121094,6397900,MRK
2006-09-06,41.0099983215332,41.4900016784668,40.720001220703125,41.400001525878906,25.525001525878906,7513700,MRK
2006-09-07,41.400001525878906,41.45000076293945,40.5,40.63999938964844,25.05643081665039,6932100,MRK
2006-09-08,39.900001525878906,41.27000045776367,39.900001525878906,41.060001373291016,25.315385818481445,4936600,MRK
2006-09-11,40.70000076293945,41.369998931884766,40.70000076293945,41.290000915527344,25.457181930541992,4975600,MRK
2006-09-12,41.47999954223633,42.22999954223633,41.459999084472656,42.150001525878906,25.987411499023438,9212000,MRK
2006-09-13,41.04999923706055,41.560001373291016,40.810001373291016,41.09000015258789,25.3338680267334,12441700,MRK
2006-09-14,41.08000183105469,41.36000061035156,40.900001525878906,41.029998779296875,25.296884536743164,7497600,MRK
2006-09-15,41.20000076293945,41.459999084472656,40.959999084472656,41.099998474121094,25.34003257751465,7719000,MRK
2006-09-18,40.849998474121094,40.9900016784668,40.58000183105469,40.79999923706055,25.155078887939453,6516600,MRK
2006-09-19,41.040000915527344,41.290000915527344,40.720001220703125,41.18000030517578,25.389366149902344,7803700,MRK
2006-09-20,41.16999816894531,42.0099983215332,41.150001525878906,41.939998626708984,25.857940673828125,9648700,MRK
2006-09-21,41.939998626708984,42.02000045776367,41.56999969482422,41.95000076293945,25.86410140991211,6558900,MRK
2006-09-22,41.970001220703125,42.189998626708984,41.84000015258789,42.040000915527344,25.91958999633789,9434800,MRK
2006-09-25,42.150001525878906,42.369998931884766,41.900001525878906,41.959999084472656,25.870269775390625,9529200,MRK
2006-09-26,41.810001373291016,42.119998931884766,41.36000061035156,41.7599983215332,25.74695587158203,12093200,MRK
2006-09-27,42.0,42.5,41.810001373291016,42.400001525878906,26.14154815673828,12669100,MRK
2006-09-28,42.45000076293945,42.5099983215332,41.90999984741211,42.060001373291016,25.931926727294922,7602800,MRK
2006-09-29,41.939998626708984,42.209999084472656,41.68000030517578,41.900001525878906,25.833282470703125,10870000,MRK
2006-10-02,42.150001525878906,42.25,41.66999816894531,41.66999816894531,25.691484451293945,9159300,MRK
2006-10-03,41.93000030517578,42.27000045776367,41.75,41.9900016784668,25.88877296447754,9391700,MRK
2006-10-04,42.0,42.290000915527344,41.79999923706055,41.939998626708984,25.857940673828125,10931200,MRK
2006-10-05,42.0,42.099998474121094,41.290000915527344,41.41999816894531,25.537330627441406,10601400,MRK
2006-10-06,41.400001525878906,42.04999923706055,41.2400016784668,41.86000061035156,25.808616638183594,10240000,MRK
2006-10-09,41.86000061035156,42.06999969482422,41.61000061035156,41.86000061035156,25.808616638183594,7352500,MRK
2006-10-10,41.9900016784668,42.119998931884766,41.63999938964844,41.81999969482422,25.783946990966797,9345200,MRK
2006-10-11,41.650001525878906,42.189998626708984,41.61000061035156,42.189998626708984,26.012069702148438,8626900,MRK
2006-10-12,42.349998474121094,42.849998474121094,42.189998626708984,42.7599983215332,26.363506317138672,8568900,MRK
2006-10-13,42.68000030517578,43.540000915527344,42.619998931884766,43.20000076293945,26.634794235229492,13725000,MRK
2006-10-16,43.400001525878906,44.18000030517578,43.33000183105469,43.7599983215332,26.980051040649414,11045800,MRK
2006-10-17,43.88999938964844,44.18000030517578,43.31999969482422,43.959999084472656,27.103364944458008,10173000,MRK
2006-10-18,44.16999816894531,44.650001525878906,43.880001068115234,44.47999954223633,27.423967361450195,10108900,MRK
2006-10-19,44.47999954223633,44.88999938964844,44.220001220703125,44.4900016784668,27.430130004882812,8205500,MRK
2006-10-20,45.36000061035156,45.63999938964844,44.849998474121094,45.63999938964844,28.139156341552734,16211200,MRK
2006-10-23,45.459999084472656,45.70000076293945,45.310001373291016,45.70000076293945,28.176151275634766,12027500,MRK
2006-10-24,45.70000076293945,45.95000076293945,45.25,45.93000030517578,28.317949295043945,9561400,MRK
2006-10-25,45.900001525878906,46.09000015258789,45.790000915527344,46.06999969482422,28.404279708862305,8452800,MRK
2006-10-26,46.099998474121094,46.34000015258789,45.810001373291016,46.209999084472656,28.490589141845703,9285800,MRK
2006-10-27,46.369998931884766,46.369998931884766,45.7400016784668,46.09000015258789,28.416608810424805,8101200,MRK
2006-10-30,45.880001068115234,45.939998626708984,45.52000045776367,45.63999938964844,28.139156341552734,9308500,MRK
2006-10-31,45.5,45.63999938964844,45.130001068115234,45.41999816894531,28.003515243530273,11540300,MRK
2006-11-01,45.9900016784668,46.13999938964844,45.560001373291016,45.66999816894531,28.157657623291016,12097100,MRK
2006-11-02,45.709999084472656,45.709999084472656,45.150001525878906,45.400001525878906,27.991191864013672,9668000,MRK
2006-11-03,45.349998474121094,45.689998626708984,44.29999923706055,45.099998474121094,27.80621910095215,10183900,MRK
2006-11-06,45.08000183105469,45.849998474121094,44.88999938964844,45.810001373291016,28.243967056274414,13461500,MRK
2006-11-07,45.810001373291016,46.31999969482422,45.66999816894531,45.900001525878906,28.299467086791992,9819100,MRK
2006-11-08,44.7599983215332,44.7599983215332,43.650001525878906,44.34000015258789,27.337644577026367,26451000,MRK
2006-11-09,44.0,44.18000030517578,42.70000076293945,42.880001068115234,26.437488555908203,22614200,MRK
2006-11-10,42.77000045776367,43.20000076293945,42.290000915527344,43.119998931884766,26.585474014282227,13341300,MRK
2006-11-13,43.20000076293945,43.79999923706055,43.130001068115234,43.459999084472656,26.795087814331055,12145500,MRK
2006-11-14,43.47999954223633,44.279998779296875,43.38999938964844,43.88999938964844,27.060209274291992,14961300,MRK
2006-11-15,43.689998626708984,44.5,43.650001525878906,44.150001525878906,27.22051429748535,15784900,MRK
2006-11-16,44.400001525878906,44.70000076293945,44.29999923706055,44.650001525878906,27.528785705566406,12626300,MRK
2006-11-17,44.709999084472656,45.060001373291016,44.599998474121094,45.060001373291016,27.78155517578125,10204300,MRK
2006-11-20,44.95000076293945,44.97999954223633,44.400001525878906,44.56999969482422,27.479454040527344,13057700,MRK
2006-11-21,44.400001525878906,44.790000915527344,44.099998474121094,44.220001220703125,27.263668060302734,10923400,MRK
2006-11-22,44.060001373291016,44.90999984741211,43.90999984741211,44.380001068115234,27.3622989654541,12906300,MRK
2006-11-24,44.0099983215332,44.33000183105469,44.0,44.18000030517578,27.239013671875,2738100,MRK
2006-11-27,44.06999969482422,44.310001373291016,43.58000183105469,43.619998931884766,26.893739700317383,10220800,MRK
2006-11-28,43.720001220703125,43.88999938964844,43.369998931884766,43.66999816894531,26.924560546875,10660200,MRK
2006-11-29,44.099998474121094,44.689998626708984,43.970001220703125,44.560001373291016,27.473291397094727,9710500,MRK
2006-11-30,44.400001525878906,44.7400016784668,44.15999984741211,44.5099983215332,27.44245719909668,9628000,MRK
2006-12-01,44.650001525878906,45.08000183105469,44.45000076293945,45.060001373291016,27.78155517578125,13565700,MRK
2006-12-04,45.31999969482422,45.900001525878906,44.29999923706055,44.70000076293945,27.55961036682129,18720300,MRK
2006-12-05,44.54999923706055,45.709999084472656,44.54999923706055,45.38999938964844,27.985015869140625,9519300,MRK
2006-12-06,44.70000076293945,45.119998931884766,44.130001068115234,44.66999816894531,27.77362632751465,14816300,MRK
2006-12-07,44.90999984741211,44.97999954223633,43.84000015258789,43.95000076293945,27.32596778869629,11003600,MRK
2006-12-08,43.790000915527344,44.08000183105469,42.959999084472656,43.93000030517578,27.313533782958984,11364700,MRK
2006-12-11,43.95000076293945,44.91999816894531,43.86000061035156,44.0099983215332,27.36327362060547,7820300,MRK
2006-12-12,44.290000915527344,44.45000076293945,43.400001525878906,43.619998931884766,27.12079429626465,11443200,MRK
2006-12-13,43.63999938964844,43.88999938964844,43.060001373291016,43.34000015258789,26.946701049804688,10779000,MRK
2006-12-14,43.310001373291016,43.93000030517578,43.29999923706055,43.599998474121094,27.108354568481445,9717600,MRK
2006-12-15,43.709999084472656,44.11000061035156,43.41999816894531,44.0,27.3570499420166,10294500,MRK
2006-12-18,43.88999938964844,44.06999969482422,43.66999816894531,43.83000183105469,27.251354217529297,10783400,MRK
2006-12-19,43.75,43.97999954223633,43.290000915527344,43.5099983215332,27.05239486694336,13300300,MRK
2006-12-20,43.380001068115234,43.939998626708984,43.25,43.29999923706055,26.921829223632812,7404300,MRK
2006-12-21,43.310001373291016,43.70000076293945,43.16999816894531,43.27000045776367,26.903186798095703,7001200,MRK
2006-12-22,43.27000045776367,43.41999816894531,42.779998779296875,42.83000183105469,26.629608154296875,6805500,MRK
2006-12-26,42.95000076293945,43.060001373291016,42.630001068115234,42.790000915527344,26.604740142822266,7985300,MRK
2006-12-27,43.0,43.619998931884766,43.0,43.369998931884766,26.96535301208496,6443300,MRK
2006-12-28,43.119998931884766,43.709999084472656,43.119998931884766,43.54999923706055,27.077266693115234,4207300,MRK
2006-12-29,43.45000076293945,43.650001525878906,43.209999084472656,43.599998474121094,27.108354568481445,6651200,MRK
2007-01-03,44.029998779296875,44.88999938964844,43.970001220703125,44.02000045776367,27.369487762451172,15019300,MRK
2007-01-04,43.619998931884766,45.45000076293945,43.619998931884766,45.11000061035156,28.047195434570312,12515200,MRK
2007-01-05,45.099998474121094,45.099998474121094,44.18000030517578,44.29999923706055,27.543581008911133,10656900,MRK
2007-01-08,43.15999984741211,44.52000045776367,43.15999984741211,44.290000915527344,27.537357330322266,7046300,MRK
2007-01-09,44.29999923706055,44.5,43.83000183105469,43.880001068115234,27.282455444335938,8623200,MRK
2007-01-10,43.849998474121094,44.38999938964844,43.630001068115234,44.119998931884766,27.431663513183594,7585000,MRK
2007-01-11,44.25,44.599998474121094,43.91999816894531,44.2599983215332,27.518712997436523,7683100,MRK
2007-01-12,44.47999954223633,45.09000015258789,44.31999969482422,44.790000915527344,27.848243713378906,9420400,MRK
2007-01-16,44.79999923706055,45.16999816894531,44.709999084472656,44.95000076293945,27.94771957397461,6279100,MRK
2007-01-17,44.95000076293945,45.22999954223633,44.70000076293945,45.0099983215332,27.985023498535156,7676900,MRK
2007-01-18,45.04999923706055,46.0099983215332,45.04999923706055,45.7400016784668,28.43890953063965,10613600,MRK
2007-01-19,45.86000061035156,46.15999984741211,45.43000030517578,45.599998474121094,28.351852416992188,9455200,MRK
2007-01-22,45.41999816894531,45.90999984741211,45.029998779296875,45.29999923706055,28.165334701538086,8103700,MRK
2007-01-23,45.529998779296875,45.970001220703125,45.310001373291016,45.72999954223633,28.432687759399414,8343500,MRK
2007-01-24,45.779998779296875,46.33000183105469,45.68000030517578,46.220001220703125,28.737335205078125,6179400,MRK
2007-01-25,46.0099983215332,46.54999923706055,45.720001220703125,46.0,28.600549697875977,8094000,MRK
2007-01-26,45.9900016784668,46.38999938964844,45.41999816894531,45.9900016784668,28.594329833984375,7054300,MRK
2007-01-29,46.189998626708984,46.22999954223633,45.310001373291016,45.5099983215332,28.295896530151367,7427600,MRK
2007-01-30,45.7599983215332,45.93000030517578,44.599998474121094,44.90999984741211,27.922849655151367,12493200,MRK
2007-01-31,44.900001525878906,45.09000015258789,44.5,44.75,27.823360443115234,9760100,MRK
2007-02-01,44.900001525878906,45.439998626708984,44.689998626708984,45.130001068115234,28.05963134765625,7955700,MRK
2007-02-02,45.119998931884766,45.310001373291016,43.90999984741211,44.72999954223633,27.810932159423828,14693200,MRK
2007-02-05,44.61000061035156,44.70000076293945,44.25,44.58000183105469,27.717666625976562,11200900,MRK
2007-02-06,44.7400016784668,44.779998779296875,44.209999084472656,44.63999938964844,27.754976272583008,7904700,MRK
2007-02-07,44.880001068115234,44.88999938964844,43.970001220703125,44.2599983215332,27.518712997436523,8652900,MRK
2007-02-08,44.02000045776367,44.75,43.810001373291016,43.91999816894531,27.30730628967285,7229700,MRK
2007-02-09,44.060001373291016,44.279998779296875,43.65999984741211,43.81999969482422,27.245134353637695,5494400,MRK
2007-02-12,44.0,44.2400016784668,43.70000076293945,43.849998474121094,27.2637939453125,8852000,MRK
2007-02-13,44.099998474121094,44.150001525878906,43.689998626708984,43.95000076293945,27.32596778869629,7138100,MRK
2007-02-14,44.13999938964844,44.22999954223633,43.900001525878906,44.060001373291016,27.394359588623047,6559300,MRK
2007-02-15,43.90999984741211,44.060001373291016,43.65999984741211,43.880001068115234,27.282455444335938,9547600,MRK
2007-02-16,44.06999969482422,44.75,43.90999984741211,44.279998779296875,27.531143188476562,13737300,MRK
2007-02-20,44.38999938964844,44.70000076293945,44.209999084472656,44.5,27.66793441772461,8403900,MRK
2007-02-21,44.45000076293945,44.45000076293945,43.810001373291016,43.95000076293945,27.32596778869629,9417800,MRK
2007-02-22,43.849998474121094,44.02000045776367,43.130001068115234,43.20000076293945,26.85965347290039,12399500,MRK
2007-02-23,43.20000076293945,43.220001220703125,42.79999923706055,42.939998626708984,26.697999954223633,9358600,MRK
2007-02-26,44.34000015258789,44.93000030517578,43.869998931884766,44.47999954223633,27.655506134033203,19375200,MRK
2007-02-27,44.279998779296875,44.5,42.349998474121094,43.18000030517578,26.84722137451172,15443800,MRK
2007-02-28,44.2599983215332,44.70000076293945,43.66999816894531,44.150001525878906,27.4503231048584,20877600,MRK
2007-03-01,43.95000076293945,44.47999954223633,43.5099983215332,43.9900016784668,27.35083770751953,12601100,MRK
2007-03-02,44.25,44.43000030517578,43.560001373291016,44.189998626708984,27.475187301635742,12624500,MRK
2007-03-05,43.939998626708984,44.849998474121094,43.68000030517578,44.25,27.51249885559082,13906400,MRK
2007-03-06,44.25,44.959999084472656,44.20000076293945,44.66999816894531,27.77362632751465,11934200,MRK
2007-03-07,44.2599983215332,44.84000015258789,43.81999969482422,43.86000061035156,27.503984451293945,11602100,MRK
2007-03-08,43.97999954223633,44.38999938964844,43.97999954223633,44.36000061035156,27.81753158569336,8372500,MRK
2007-03-09,44.529998779296875,44.849998474121094,44.29999923706055,44.61000061035156,27.974294662475586,8270700,MRK
2007-03-12,44.43000030517578,44.70000076293945,44.11000061035156,44.290000915527344,27.773622512817383,8251100,MRK
2007-03-13,43.95000076293945,44.5,43.25,43.369998931884766,27.19671058654785,12319100,MRK
2007-03-14,43.650001525878906,43.650001525878906,42.7599983215332,43.27000045776367,27.134010314941406,12335200,MRK
2007-03-15,43.15999984741211,43.279998779296875,42.869998931884766,43.189998626708984,27.083831787109375,9183000,MRK
2007-03-16,43.290000915527344,43.630001068115234,42.97999954223633,43.09000015258789,27.021129608154297,11515900,MRK
2007-03-19,43.34000015258789,43.70000076293945,43.11000061035156,43.41999816894531,27.228059768676758,11028500,MRK
2007-03-20,43.290000915527344,43.79999923706055,43.13999938964844,43.630001068115234,27.359743118286133,5927900,MRK
2007-03-21,43.5,44.43000030517578,43.439998626708984,44.25,27.748552322387695,11261800,MRK
2007-03-22,43.79999923706055,44.369998931884766,43.7599983215332,44.16999816894531,27.69837760925293,8924400,MRK
2007-03-23,44.31999969482422,44.720001220703125,44.22999954223633,44.45000076293945,27.873960494995117,8383200,MRK
2007-03-26,44.2599983215332,44.459999084472656,43.75,44.06999969482422,27.635679244995117,9625100,MRK
2007-03-27,43.84000015258789,43.959999084472656,43.59000015258789,43.650001525878906,27.372299194335938,9328800,MRK
2007-03-28,43.40999984741211,43.63999938964844,43.220001220703125,43.22999954223633,27.108909606933594,10596600,MRK
2007-03-29,43.68000030517578,44.040000915527344,43.52000045776367,43.95000076293945,27.560420989990234,11658600,MRK
2007-03-30,44.08000183105469,44.20000076293945,43.33000183105469,44.16999816894531,27.69837760925293,7851400,MRK
2007-04-02,44.59000015258789,45.290000915527344,44.52000045776367,45.0099983215332,28.225130081176758,13418200,MRK
2007-04-03,45.290000915527344,45.56999969482422,45.029998779296875,45.380001068115234,28.457149505615234,7868200,MRK
2007-04-04,45.22999954223633,45.40999984741211,45.040000915527344,45.369998931884766,28.450881958007812,5892400,MRK
2007-04-05,45.25,45.84000015258789,45.11000061035156,45.540000915527344,28.557485580444336,5622800,MRK
2007-04-09,45.459999084472656,45.65999984741211,45.2400016784668,45.650001525878906,28.62647247314453,6071900,MRK
2007-04-10,45.70000076293945,45.9900016784668,45.52000045776367,45.86000061035156,28.758150100708008,6583100,MRK
2007-04-11,45.79999923706055,45.880001068115234,45.34000015258789,45.650001525878906,28.62647247314453,8108900,MRK
2007-04-12,45.52000045776367,46.5,45.45000076293945,46.36000061035156,29.071691513061523,11761300,MRK
2007-04-13,49.38999938964844,50.79999923706055,49.25,50.209999084472656,31.48596954345703,46730700,MRK
2007-04-16,50.0099983215332,50.630001068115234,50.0,50.31999969482422,31.554960250854492,14358200,MRK
2007-04-17,50.29999923706055,50.45000076293945,49.81999969482422,50.0099983215332,31.360559463500977,11688700,MRK
2007-04-18,49.59000015258789,49.959999084472656,49.25,49.689998626708984,31.159894943237305,13349100,MRK
2007-04-19,49.7599983215332,50.38999938964844,49.5,50.150001525878906,31.448347091674805,17125800,MRK
2007-04-20,50.790000915527344,51.619998931884766,50.349998474121094,51.4900016784668,32.28864669799805,18680100,MRK
2007-04-23,51.310001373291016,52.099998474121094,51.0,51.66999816894531,32.40150833129883,14738700,MRK
2007-04-24,51.650001525878906,52.2599983215332,51.0099983215332,51.599998474121094,32.35762405395508,8922500,MRK
2007-04-25,51.689998626708984,52.5,51.36000061035156,52.38999938964844,32.85301971435547,12074100,MRK
2007-04-26,52.380001068115234,52.630001068115234,52.08000183105469,52.43000030517578,32.87810516357422,10245200,MRK
2007-04-27,52.2599983215332,52.36000061035156,51.540000915527344,51.86000061035156,32.520652770996094,11201900,MRK
2007-04-30,51.810001373291016,51.90999984741211,51.150001525878906,51.439998626708984,32.257286071777344,10265800,MRK
2007-05-01,51.650001525878906,51.72999954223633,50.540000915527344,50.97999954223633,31.968830108642578,10716300,MRK
2007-05-02,51.29999923706055,51.5,51.11000061035156,51.22999954223633,32.125614166259766,7883000,MRK
2007-05-03,51.400001525878906,51.79999923706055,51.08000183105469,51.54999923706055,32.326263427734375,8215400,MRK
2007-05-04,51.63999938964844,52.290000915527344,51.54999923706055,51.91999816894531,32.558292388916016,8681400,MRK
2007-05-07,51.849998474121094,52.060001373291016,51.79999923706055,52.029998779296875,32.62726593017578,6664500,MRK
2007-05-08,51.869998931884766,52.279998779296875,51.63999938964844,52.2400016784668,32.75896453857422,7888500,MRK
2007-05-09,52.189998626708984,52.349998474121094,51.790000915527344,52.04999923706055,32.63982009887695,8922900,MRK
2007-05-10,51.66999816894531,51.869998931884766,51.0,51.08000183105469,32.03154754638672,9342800,MRK
2007-05-11,51.099998474121094,52.13999938964844,51.099998474121094,52.0,32.60845947265625,9679700,MRK
2007-05-14,52.0,52.619998931884766,51.869998931884766,52.08000183105469,32.65862274169922,8261400,MRK
2007-05-15,52.060001373291016,52.68000030517578,51.97999954223633,52.619998931884766,32.997249603271484,11726800,MRK
2007-05-16,53.0,53.0,52.150001525878906,52.689998626708984,33.04114532470703,10858900,MRK
2007-05-17,52.689998626708984,52.97999954223633,52.33000183105469,52.459999084472656,32.89692306518555,9237100,MRK
2007-05-18,52.560001373291016,53.25,52.25,53.25,33.39231872558594,13741500,MRK
2007-05-21,53.029998779296875,54.689998626708984,53.0,53.790000915527344,33.73094177246094,19675700,MRK
2007-05-22,54.099998474121094,55.13999938964844,54.0,54.150001525878906,33.95669174194336,14547000,MRK
2007-05-23,54.380001068115234,54.70000076293945,54.099998474121094,54.349998474121094,34.08210372924805,10026100,MRK
2007-05-24,53.900001525878906,54.59000015258789,53.22999954223633,53.75,33.70586013793945,10111900,MRK
2007-05-25,53.689998626708984,53.75,53.47999954223633,53.70000076293945,33.67451858520508,12639800,MRK
2007-05-29,53.81999969482422,54.0099983215332,53.0,53.400001525878906,33.48638153076172,9946100,MRK
2007-05-30,53.150001525878906,53.150001525878906,51.959999084472656,52.709999084472656,33.053688049316406,14986800,MRK
2007-05-31,52.619998931884766,53.18000030517578,52.45000076293945,52.45000076293945,32.890647888183594,11213700,MRK
2007-06-01,52.52000045776367,52.900001525878906,51.880001068115234,52.13999938964844,32.69624328613281,11117000,MRK
2007-06-04,52.04999923706055,52.04999923706055,51.38999938964844,51.75,32.45167922973633,14617200,MRK
2007-06-05,51.66999816894531,51.689998626708984,50.72999954223633,51.439998626708984,32.257286071777344,14600700,MRK
2007-06-06,51.0,51.310001373291016,50.63999938964844,50.7599983215332,32.06776809692383,11693800,MRK
2007-06-07,50.439998626708984,50.7599983215332,50.22999954223633,50.34000015258789,31.802419662475586,13526400,MRK
2007-06-08,50.29999923706055,50.4900016784668,49.630001068115234,50.13999938964844,31.676074981689453,11341100,MRK
2007-06-11,50.29999923706055,51.349998474121094,50.040000915527344,51.04999923706055,32.250972747802734,12446700,MRK
2007-06-12,50.66999816894531,51.04999923706055,50.209999084472656,50.220001220703125,31.726613998413086,11288900,MRK
2007-06-13,50.36000061035156,50.869998931884766,49.709999084472656,50.66999816894531,32.01091003417969,11509100,MRK
2007-06-14,50.650001525878906,50.650001525878906,50.099998474121094,50.22999954223633,31.732921600341797,10470400,MRK
2007-06-15,50.88999938964844,51.58000183105469,50.45000076293945,50.72999954223633,32.048805236816406,13653100,MRK
2007-06-18,50.900001525878906,51.0,50.290000915527344,50.630001068115234,31.985624313354492,7462400,MRK
2007-06-19,50.650001525878906,50.9900016784668,50.18000030517578,50.31999969482422,31.789793014526367,9361700,MRK
2007-06-20,50.0,50.09000015258789,49.209999084472656,49.2599983215332,31.120136260986328,14037000,MRK
2007-06-21,49.04999923706055,49.529998779296875,48.459999084472656,49.29999923706055,31.14539909362793,11822500,MRK
2007-06-22,48.91999816894531,49.400001525878906,48.2599983215332,48.54999923706055,30.671592712402344,14505000,MRK
2007-06-25,48.70000076293945,49.25,48.0,48.34000015258789,30.53892707824707,11229500,MRK
2007-06-26,48.43000030517578,49.7400016784668,48.400001525878906,49.119998931884766,31.03168296813965,16110100,MRK
2007-06-27,49.08000183105469,50.70000076293945,48.77000045776367,50.33000183105469,31.79611587524414,18912400,MRK
2007-06-28,50.59000015258789,51.099998474121094,50.279998779296875,50.47999954223633,31.890869140625,12755400,MRK
2007-06-29,50.95000076293945,50.95000076293945,49.470001220703125,49.79999923706055,31.461278915405273,14435500,MRK
2007-07-02,49.90999984741211,50.29999923706055,49.220001220703125,49.56999969482422,31.315977096557617,13141000,MRK
2007-07-03,49.95000076293945,50.2599983215332,49.58000183105469,49.83000183105469,31.480236053466797,5204400,MRK
2007-07-05,49.70000076293945,49.88999938964844,49.36000061035156,49.81999969482422,31.47391700744629,8102200,MRK
2007-07-06,49.900001525878906,49.970001220703125,48.869998931884766,49.459999084472656,31.24649429321289,9235600,MRK
2007-07-09,49.5,49.56999969482422,49.040000915527344,49.41999816894531,31.221229553222656,9180400,MRK
2007-07-10,49.02000045776367,49.529998779296875,48.599998474121094,48.65999984741211,30.741092681884766,12297000,MRK
2007-07-11,48.5,49.150001525878906,48.43000030517578,48.900001525878906,30.892704010009766,13832300,MRK
2007-07-12,49.20000076293945,50.869998931884766,48.900001525878906,50.77000045776367,32.074073791503906,16683500,MRK
2007-07-13,50.54999923706055,51.130001068115234,50.470001220703125,50.849998474121094,32.12462615966797,10138900,MRK
2007-07-16,50.5099983215332,50.86000061035156,50.189998626708984,50.83000183105469,32.11198043823242,8421700,MRK
2007-07-17,50.650001525878906,51.099998474121094,50.130001068115234,50.27000045776367,31.75820541381836,7724600,MRK
2007-07-18,50.0,50.380001068115234,49.33000183105469,49.939998626708984,31.549718856811523,10643700,MRK
2007-07-19,49.97999954223633,50.060001373291016,49.119998931884766,49.34000015258789,31.170679092407227,11300400,MRK
2007-07-20,49.54999923706055,50.0,48.810001373291016,49.02000045776367,30.968505859375,13696700,MRK
2007-07-23,51.540000915527344,53.349998474121094,51.18000030517578,52.33000183105469,33.05961227416992,39947100,MRK
2007-07-24,52.95000076293945,53.810001373291016,51.529998779296875,51.720001220703125,32.67424774169922,17102700,MRK
2007-07-25,52.349998474121094,53.68000030517578,52.20000076293945,53.380001068115234,33.722965240478516,18993900,MRK
2007-07-26,53.0,53.72999954223633,51.4900016784668,51.970001220703125,32.83218765258789,21829500,MRK
2007-07-27,51.970001220703125,52.16999816894531,50.06999969482422,50.119998931884766,31.663440704345703,16674800,MRK
2007-07-30,50.369998931884766,50.369998931884766,49.45000076293945,50.119998931884766,31.663440704345703,11567500,MRK
2007-07-31,50.29999923706055,50.459999084472656,49.5,49.650001525878906,31.366527557373047,14382200,MRK
2007-08-01,49.619998931884766,51.27000045776367,49.56999969482422,51.02000045776367,32.23202133178711,16472000,MRK
2007-08-02,51.43000030517578,52.130001068115234,50.81999969482422,51.63999938964844,32.62370681762695,12617100,MRK
2007-08-03,51.65999984741211,51.720001220703125,50.2400016784668,50.290000915527344,31.77084732055664,11209100,MRK
2007-08-06,51.20000076293945,51.58000183105469,50.459999084472656,51.349998474121094,32.44050216674805,13097800,MRK
2007-08-07,50.880001068115234,52.349998474121094,50.79999923706055,51.630001068115234,32.61738586425781,13516400,MRK
2007-08-08,52.16999816894531,52.7400016784668,50.91999816894531,52.36000061035156,33.07855987548828,11431800,MRK
2007-08-09,51.58000183105469,52.5,50.25,51.439998626708984,32.497352600097656,14787700,MRK
2007-08-10,51.439998626708984,51.70000076293945,50.04999923706055,50.880001068115234,32.143577575683594,15304800,MRK
2007-08-13,50.40999984741211,51.599998474121094,50.40999984741211,50.560001373291016,31.941421508789062,8071100,MRK
2007-08-14,50.560001373291016,50.7400016784668,49.849998474121094,49.93000030517578,31.54340934753418,8473700,MRK
2007-08-15,50.04999923706055,50.599998474121094,49.38999938964844,49.779998779296875,31.448644638061523,10465000,MRK
2007-08-16,49.599998474121094,49.970001220703125,48.11000061035156,49.459999084472656,31.24649429321289,20289500,MRK
2007-08-17,50.08000183105469,50.2599983215332,48.599998474121094,49.619998931884766,31.34756851196289,16421700,MRK
2007-08-20,49.619998931884766,50.9900016784668,49.380001068115234,49.97999954223633,31.57499885559082,8115900,MRK
2007-08-21,50.02000045776367,50.52000045776367,48.7400016784668,49.77000045776367,31.442323684692383,8317300,MRK
2007-08-22,50.27000045776367,50.7599983215332,49.619998931884766,50.36000061035156,31.815065383911133,10726300,MRK
2007-08-23,50.709999084472656,50.7400016784668,49.959999084472656,50.5,31.903499603271484,9818000,MRK
2007-08-24,50.5,50.86000061035156,50.09000015258789,50.81999969482422,32.10566711425781,7147400,MRK
2007-08-27,50.849998474121094,50.939998626708984,50.0,50.119998931884766,31.663440704345703,7643500,MRK
2007-08-28,49.83000183105469,50.09000015258789,49.11000061035156,49.209999084472656,31.088539123535156,7822800,MRK
2007-08-29,49.220001220703125,50.0,48.72999954223633,49.91999816894531,31.53708839416504,6296800,MRK
2007-08-30,49.43000030517578,50.09000015258789,49.2599983215332,49.65999984741211,31.372840881347656,7346200,MRK
2007-08-31,50.040000915527344,50.5,49.88999938964844,50.16999816894531,31.695030212402344,7329200,MRK
2007-09-04,50.4900016784668,50.4900016784668,49.630001068115234,50.040000915527344,31.61290168762207,9546200,MRK
2007-09-05,49.540000915527344,49.70000076293945,49.029998779296875,49.400001525878906,31.447378158569336,8117000,MRK
2007-09-06,49.400001525878906,50.66999816894531,49.29999923706055,50.470001220703125,32.128543853759766,12427000,MRK
2007-09-07,50.20000076293945,50.900001525878906,49.45000076293945,49.56999969482422,31.555622100830078,11614400,MRK
2007-09-10,49.959999084472656,50.0,49.34000015258789,49.810001373291016,31.708385467529297,8892200,MRK
2007-09-11,50.099998474121094,50.22999954223633,49.5099983215332,49.95000076293945,31.797504425048828,7639300,MRK
2007-09-12,49.7400016784668,50.09000015258789,49.18000030517578,49.66999816894531,31.6192684173584,11371600,MRK
2007-09-13,50.5,50.880001068115234,49.61000061035156,49.86000061035156,31.740215301513672,12273900,MRK
2007-09-14,49.7400016784668,49.88999938964844,49.16999816894531,49.540000915527344,31.536514282226562,7274500,MRK
2007-09-17,49.25,49.650001525878906,48.970001220703125,49.40999984741211,31.453763961791992,6871800,MRK
2007-09-18,48.79999923706055,50.79999923706055,48.79999923706055,50.56999969482422,32.192195892333984,9733100,MRK
2007-09-19,50.83000183105469,51.72999954223633,50.119998931884766,51.560001373291016,32.82240676879883,12335200,MRK
2007-09-20,51.5,52.13999938964844,51.209999084472656,51.380001068115234,32.70783615112305,9449900,MRK
2007-09-21,51.41999816894531,52.08000183105469,51.380001068115234,51.81999969482422,32.98792266845703,14235100,MRK
2007-09-24,51.869998931884766,52.08000183105469,51.54999923706055,51.68000030517578,32.8988037109375,8230900,MRK
2007-09-25,51.68000030517578,52.61000061035156,51.529998779296875,52.279998779296875,33.280757904052734,10629200,MRK
2007-09-26,52.47999954223633,52.83000183105469,52.2599983215332,52.599998474121094,33.48447036743164,10573900,MRK
2007-09-27,52.52000045776367,52.630001068115234,51.91999816894531,52.29999923706055,33.293495178222656,6788700,MRK
2007-09-28,51.75,52.0,51.25,51.689998626708984,32.90517044067383,12695200,MRK
2007-10-01,52.0,52.689998626708984,51.79999923706055,52.43000030517578,33.376243591308594,11103900,MRK
2007-10-02,52.58000183105469,52.72999954223633,51.5099983215332,51.619998931884766,32.86060333251953,10964900,MRK
2007-10-03,51.58000183105469,52.720001220703125,51.439998626708984,52.150001525878906,33.197998046875,8267900,MRK
2007-10-04,51.61000061035156,53.11000061035156,51.61000061035156,52.86000061035156,33.64998245239258,9652900,MRK
2007-10-05,53.20000076293945,54.040000915527344,53.16999816894531,53.5099983215332,34.06376266479492,8870300,MRK
2007-10-08,53.5099983215332,53.58000183105469,52.79999923706055,53.150001525878906,33.83460235595703,4013900,MRK
2007-10-09,53.209999084472656,53.959999084472656,53.08000183105469,53.630001068115234,34.14015197753906,6354500,MRK
2007-10-10,53.630001068115234,53.849998474121094,53.150001525878906,53.22999954223633,33.885520935058594,5747400,MRK
2007-10-11,53.08000183105469,53.689998626708984,52.779998779296875,53.040000915527344,33.76456832885742,7454800,MRK
2007-10-12,53.189998626708984,53.68000030517578,52.79999923706055,53.5099983215332,34.06376266479492,7811500,MRK
2007-10-15,54.0,54.0,53.09000015258789,53.290000915527344,33.92372131347656,7071900,MRK
2007-10-16,53.18000030517578,53.310001373291016,52.68000030517578,53.029998779296875,33.75819778442383,8133700,MRK
2007-10-17,53.25,53.5,52.77000045776367,53.41999816894531,34.0064697265625,10805100,MRK
2007-10-18,53.0,53.650001525878906,52.9900016784668,53.38999938964844,33.98737716674805,6779200,MRK
2007-10-19,53.11000061035156,54.2400016784668,52.95000076293945,53.11000061035156,33.80913162231445,14478600,MRK
2007-10-22,53.66999816894531,54.95000076293945,52.790000915527344,54.63999938964844,34.783111572265625,19389000,MRK
2007-10-23,54.849998474121094,56.43000030517578,54.0,56.36000061035156,35.8780403137207,18807100,MRK
2007-10-24,56.36000061035156,56.75,55.7400016784668,56.20000076293945,35.77617645263672,17343600,MRK
2007-10-25,56.20000076293945,57.25,55.970001220703125,57.060001373291016,36.32365798950195,12703300,MRK
2007-10-26,57.06999969482422,57.849998474121094,57.0,57.58000183105469,36.65467834472656,11255700,MRK
2007-10-29,57.65999984741211,58.16999816894531,57.310001373291016,57.77000045776367,36.7756233215332,13237100,MRK
2007-10-30,57.79999923706055,58.150001525878906,57.59000015258789,57.86000061035156,36.832916259765625,10171600,MRK
2007-10-31,57.709999084472656,58.2599983215332,57.25,58.2599983215332,37.087562561035156,11083300,MRK
2007-11-01,57.880001068115234,58.36000061035156,57.189998626708984,57.36000061035156,36.51461410522461,12065600,MRK
2007-11-02,58.040000915527344,58.040000915527344,55.56999969482422,56.040000915527344,35.67432403564453,16838700,MRK
2007-11-05,55.0,56.849998474121094,55.0,55.93000030517578,35.60429763793945,11771600,MRK
2007-11-06,55.97999954223633,56.27000045776367,55.68000030517578,55.9900016784668,35.64249801635742,9356700,MRK
2007-11-07,55.189998626708984,55.93000030517578,54.130001068115234,54.20000076293945,34.50301742553711,13441900,MRK
2007-11-08,54.459999084472656,55.150001525878906,54.060001373291016,54.77000045776367,34.865867614746094,17932800,MRK
2007-11-09,55.52000045776367,57.7400016784668,55.52000045776367,55.900001525878906,35.585208892822266,25367000,MRK
2007-11-12,55.90999984741211,56.66999816894531,55.33000183105469,55.9900016784668,35.64249801635742,10802300,MRK
2007-11-13,56.41999816894531,57.529998779296875,55.9900016784668,57.4900016784668,36.59737014770508,15776000,MRK
2007-11-14,56.5,57.68000030517578,56.5,57.29999923706055,36.47643280029297,10492100,MRK
2007-11-15,56.959999084472656,58.88999938964844,56.84000015258789,57.91999816894531,36.871116638183594,15786600,MRK
2007-11-16,58.43000030517578,58.43000030517578,57.119998931884766,58.380001068115234,37.1639404296875,13038200,MRK
2007-11-19,57.900001525878906,58.599998474121094,57.790000915527344,58.25,37.081180572509766,13596000,MRK
2007-11-20,58.22999954223633,58.400001525878906,57.34000015258789,57.91999816894531,36.871116638183594,14291600,MRK
2007-11-21,57.33000183105469,57.54999923706055,55.529998779296875,56.52000045776367,35.97990036010742,13197700,MRK
2007-11-23,56.779998779296875,57.88999938964844,56.779998779296875,57.65999984741211,36.70560836791992,6718100,MRK
2007-11-26,57.650001525878906,58.41999816894531,56.81999969482422,57.59000015258789,36.66103744506836,15229500,MRK
2007-11-27,57.369998931884766,60.0,57.369998931884766,58.939998626708984,37.520416259765625,18246800,MRK
2007-11-28,59.2599983215332,60.0099983215332,58.83000183105469,59.959999084472656,38.16975021362305,19361500,MRK
2007-11-29,59.79999923706055,60.290000915527344,59.369998931884766,59.91999816894531,38.14427947998047,12181100,MRK
2007-11-30,60.20000076293945,60.4900016784668,58.95000076293945,59.36000061035156,37.78780746459961,18515100,MRK
2007-12-03,58.7599983215332,59.4900016784668,58.630001068115234,58.77000045776367,37.41221237182617,9448500,MRK
2007-12-04,57.38999938964844,59.119998931884766,56.560001373291016,58.38999938964844,37.17030334472656,19201300,MRK
2007-12-05,58.45000076293945,59.630001068115234,57.88999938964844,59.400001525878906,38.06095886230469,10909800,MRK
2007-12-06,59.779998779296875,59.95000076293945,59.0099983215332,59.5,38.125030517578125,9975600,MRK
2007-12-07,59.4900016784668,61.09000015258789,59.25,60.66999816894531,38.87471389770508,11924000,MRK
2007-12-10,60.66999816894531,60.97999954223633,59.91999816894531,60.77000045776367,38.93880081176758,11393900,MRK
2007-12-11,60.9900016784668,61.310001373291016,60.130001068115234,60.400001525878906,38.701717376708984,12380900,MRK
2007-12-12,61.0,61.619998931884766,59.08000183105469,59.720001220703125,38.26601028442383,21493200,MRK
2007-12-13,59.310001373291016,59.91999816894531,58.72999954223633,59.790000915527344,38.310855865478516,8968100,MRK
2007-12-14,59.5,60.0,59.130001068115234,59.56999969482422,38.169891357421875,9233700,MRK
2007-12-17,59.849998474121094,60.59000015258789,59.41999816894531,59.4900016784668,38.11862564086914,12580100,MRK
2007-12-18,59.79999923706055,60.029998779296875,59.31999969482422,59.7400016784668,38.278812408447266,9804400,MRK
2007-12-19,59.630001068115234,60.0,59.029998779296875,59.34000015258789,38.022518157958984,8039900,MRK
2007-12-20,59.880001068115234,59.959999084472656,58.31999969482422,58.540000915527344,37.509918212890625,11679700,MRK
2007-12-21,59.34000015258789,59.84000015258789,57.72999954223633,59.150001525878906,37.900760650634766,23128800,MRK
2007-12-24,59.060001373291016,59.959999084472656,59.060001373291016,59.7400016784668,38.278812408447266,4273100,MRK
2007-12-26,59.209999084472656,59.70000076293945,59.0099983215332,59.41999816894531,38.07377624511719,8436000,MRK
2007-12-27,59.11000061035156,59.20000076293945,58.459999084472656,58.56999969482422,37.52913284301758,7058800,MRK
2007-12-28,58.02000045776367,58.970001220703125,58.02000045776367,58.709999084472656,37.618839263916016,7136400,MRK
2007-12-31,58.349998474121094,58.790000915527344,58.099998474121094,58.11000061035156,37.234375,8097900,MRK
2008-01-02,58.150001525878906,58.5099983215332,57.099998474121094,57.369998931884766,36.760223388671875,11724500,MRK
2008-01-03,57.45000076293945,57.939998626708984,57.099998474121094,57.31999969482422,36.72818374633789,8427300,MRK
2008-01-04,56.95000076293945,57.45000076293945,56.75,56.849998474121094,36.42702865600586,9990100,MRK
2008-01-07,57.09000015258789,58.41999816894531,56.95000076293945,57.91999816894531,37.112632751464844,11330900,MRK
2008-01-08,58.09000015258789,60.689998626708984,58.02000045776367,59.65999984741211,38.22754669189453,20538000,MRK
2008-01-09,59.70000076293945,60.880001068115234,59.150001525878906,60.5,38.76578903198242,16702500,MRK
2008-01-10,60.119998931884766,60.75,59.75,60.470001220703125,38.74656295776367,13749500,MRK
2008-01-11,60.029998779296875,61.18000030517578,60.0,60.54999923706055,38.797828674316406,9442200,MRK
2008-01-14,59.880001068115234,59.880001068115234,58.65999984741211,59.779998779296875,38.3044319152832,14473600,MRK
2008-01-15,58.93000030517578,59.599998474121094,58.060001373291016,58.18000030517578,37.27923583984375,18198200,MRK
2008-01-16,57.84000015258789,58.97999954223633,57.75,58.349998474121094,37.38815689086914,16106000,MRK
2008-01-17,57.84000015258789,58.400001525878906,54.470001220703125,54.869998931884766,35.158329010009766,29871900,MRK
2008-01-18,55.13999938964844,55.150001525878906,52.45000076293945,53.31999969482422,34.165164947509766,29120200,MRK
2008-01-22,51.5,52.45000076293945,49.099998474121094,51.349998474121094,32.902870178222656,29572000,MRK
2008-01-23,51.18000030517578,51.18000030517578,48.720001220703125,50.310001373291016,32.236473083496094,22039700,MRK
2008-01-24,50.38999938964844,51.70000076293945,47.45000076293945,49.560001373291016,31.75592041015625,40358300,MRK
2008-01-25,49.939998626708984,49.939998626708984,42.31999969482422,47.790000915527344,30.62177848815918,64983800,MRK
2008-01-28,47.7599983215332,49.349998474121094,47.119998931884766,49.25,31.557279586791992,23209900,MRK
2008-01-29,49.5099983215332,49.540000915527344,46.849998474121094,48.0099983215332,30.762731552124023,20397300,MRK
2008-01-30,45.70000076293945,46.90999984741211,45.31999969482422,46.150001525878906,29.570926666259766,33377800,MRK
2008-01-31,46.33000183105469,46.61000061035156,45.06999969482422,46.099998474121094,29.538883209228516,25126000,MRK
2008-02-01,46.20000076293945,46.459999084472656,45.060001373291016,45.97999954223633,29.461999893188477,19308500,MRK
2008-02-04,45.81999969482422,47.970001220703125,45.81999969482422,47.470001220703125,30.416725158691406,16304900,MRK
2008-02-05,47.31999969482422,47.34000015258789,45.86000061035156,45.95000076293945,29.442781448364258,19145900,MRK
2008-02-06,46.16999816894531,46.41999816894531,44.810001373291016,45.709999084472656,29.28899383544922,16347900,MRK
2008-02-07,45.630001068115234,46.66999816894531,45.04999923706055,45.70000076293945,29.28257942199707,20605400,MRK
2008-02-08,45.54999923706055,45.70000076293945,44.27000045776367,44.529998779296875,28.532899856567383,13868800,MRK
2008-02-11,44.54999923706055,45.45000076293945,44.20000076293945,45.310001373291016,29.032691955566406,11860600,MRK
2008-02-12,45.650001525878906,47.099998474121094,45.4900016784668,46.529998779296875,29.814414978027344,20697200,MRK
2008-02-13,46.90999984741211,47.93000030517578,46.90999984741211,47.56999969482422,30.480802536010742,19385100,MRK
2008-02-14,47.79999923706055,48.130001068115234,46.75,46.900001525878906,30.051509857177734,12586300,MRK
2008-02-15,47.0,47.88999938964844,46.7400016784668,47.529998779296875,30.455163955688477,15642300,MRK
2008-02-19,47.95000076293945,48.22999954223633,46.95000076293945,47.06999969482422,30.160432815551758,13308800,MRK
2008-02-20,46.81999969482422,47.060001373291016,46.18000030517578,47.02000045776367,30.128381729125977,13446400,MRK
2008-02-21,47.09000015258789,47.400001525878906,46.02000045776367,46.130001068115234,29.558116912841797,12192500,MRK
2008-02-22,46.22999954223633,46.47999954223633,45.36000061035156,46.06999969482422,29.51967430114746,12449700,MRK
2008-02-25,46.18000030517578,46.91999816894531,46.119998931884766,46.790000915527344,29.981008529663086,10779400,MRK
2008-02-26,46.54999923706055,46.88999938964844,46.16999816894531,46.38999938964844,29.72471046447754,9757500,MRK
2008-02-27,46.20000076293945,46.2400016784668,45.290000915527344,45.439998626708984,29.115989685058594,15896900,MRK
2008-02-28,45.41999816894531,45.59000015258789,44.83000183105469,45.20000076293945,28.96221351623535,10378200,MRK
2008-02-29,44.849998474121094,44.970001220703125,44.130001068115234,44.29999923706055,28.385530471801758,17158900,MRK
2008-03-03,44.689998626708984,44.689998626708984,43.849998474121094,44.060001373291016,28.23175048828125,11684900,MRK
2008-03-04,43.709999084472656,44.0,43.279998779296875,43.7599983215332,28.039522171020508,14204000,MRK
2008-03-05,43.7599983215332,43.880001068115234,42.720001220703125,43.25,27.955490112304688,17242300,MRK
2008-03-06,43.27000045776367,43.279998779296875,42.310001373291016,42.38999938964844,27.399616241455078,15408800,MRK
2008-03-07,42.060001373291016,43.0,41.52000045776367,41.75,26.985937118530273,15379200,MRK
2008-03-10,41.79999923706055,41.90999984741211,41.029998779296875,41.2599983215332,26.66922950744629,12361600,MRK
2008-03-11,41.279998779296875,42.380001068115234,41.099998474121094,42.31999969482422,27.3543701171875,16556300,MRK
2008-03-12,42.189998626708984,43.560001373291016,42.18000030517578,42.45000076293945,27.438398361206055,15650400,MRK
2008-03-13,42.29999923706055,42.709999084472656,41.540000915527344,41.93000030517578,27.10228729248047,20273300,MRK
2008-03-14,42.31999969482422,42.970001220703125,40.59000015258789,40.970001220703125,26.481767654418945,16982300,MRK
2008-03-17,40.5,42.060001373291016,40.119998931884766,41.849998474121094,27.050582885742188,15041100,MRK
2008-03-18,42.34000015258789,43.20000076293945,41.7599983215332,43.189998626708984,27.916709899902344,14659700,MRK
2008-03-19,43.310001373291016,44.0,42.90999984741211,42.9900016784668,27.787443161010742,15376700,MRK
2008-03-20,43.59000015258789,43.59000015258789,42.0,43.36000061035156,28.02660369873047,16421300,MRK
2008-03-24,43.619998931884766,44.779998779296875,43.2599983215332,44.25,28.60186767578125,17490000,MRK
2008-03-25,44.349998474121094,45.0,44.25,44.66999816894531,28.873340606689453,13417100,MRK
2008-03-26,44.529998779296875,45.040000915527344,44.20000076293945,44.70000076293945,28.892724990844727,20404100,MRK
2008-03-27,44.720001220703125,45.369998931884766,44.20000076293945,44.779998779296875,28.94443702697754,19735500,MRK
2008-03-28,44.7599983215332,45.72999954223633,44.380001068115234,44.5099983215332,28.769916534423828,11343300,MRK
2008-03-31,38.75,39.5,36.81999969482422,37.95000076293945,24.52973175048828,81804400,MRK
2008-04-01,38.38999938964844,38.86000061035156,38.04999923706055,38.31999969482422,24.768892288208008,41360500,MRK
2008-04-02,38.43000030517578,38.599998474121094,36.959999084472656,37.099998474121094,23.980321884155273,39625700,MRK
2008-04-03,37.13999938964844,38.459999084472656,37.0,38.36000061035156,24.79474639892578,52019700,MRK
2008-04-04,38.310001373291016,40.08000183105469,38.08000183105469,40.0,25.85478973388672,30490600,MRK
2008-04-07,40.56999969482422,41.599998474121094,40.459999084472656,40.779998779296875,26.358957290649414,22907900,MRK
2008-04-08,40.5099983215332,41.43000030517578,40.31999969482422,40.900001525878906,26.436527252197266,18004300,MRK
2008-04-09,40.93000030517578,41.11000061035156,40.380001068115234,40.939998626708984,26.462383270263672,11394800,MRK
2008-04-10,41.63999938964844,42.189998626708984,41.380001068115234,41.709999084472656,26.96009063720703,16586600,MRK
2008-04-11,41.5,41.849998474121094,41.0,41.13999938964844,26.591651916503906,14011900,MRK
2008-04-14,41.130001068115234,41.5099983215332,40.790000915527344,41.400001525878906,26.75971221923828,13571500,MRK
2008-04-15,41.880001068115234,42.2400016784668,40.7599983215332,41.220001220703125,26.64337158203125,18783900,MRK
2008-04-16,41.4900016784668,41.4900016784668,39.720001220703125,40.310001373291016,26.055158615112305,26301200,MRK
2008-04-17,40.11000061035156,40.45000076293945,39.08000183105469,39.220001220703125,25.350629806518555,23588800,MRK
2008-04-18,39.400001525878906,40.130001068115234,39.0,39.7599983215332,25.699655532836914,25861900,MRK
2008-04-21,40.63999938964844,40.77000045776367,38.7400016784668,39.630001068115234,25.615644454956055,22312400,MRK
2008-04-22,39.619998931884766,39.77000045776367,38.36000061035156,38.5099983215332,24.89170265197754,19521400,MRK
2008-04-23,38.77000045776367,38.880001068115234,38.0,38.619998931884766,24.962799072265625,17963100,MRK
2008-04-24,38.70000076293945,40.310001373291016,38.66999816894531,39.970001220703125,25.835399627685547,17175400,MRK
2008-04-25,40.08000183105469,40.939998626708984,40.0,40.720001220703125,26.320178985595703,13839600,MRK
2008-04-28,40.75,41.70000076293945,40.75,41.439998626708984,26.785551071166992,13538900,MRK
2008-04-29,38.2400016784668,38.400001525878906,36.970001220703125,37.13999938964844,24.006174087524414,80508500,MRK
2008-04-30,37.400001525878906,38.150001525878906,36.79999923706055,38.040000915527344,24.587900161743164,37419600,MRK
2008-05-01,37.810001373291016,39.040000915527344,37.79999923706055,38.95000076293945,25.17609977722168,23993400,MRK
2008-05-02,38.91999816894531,39.5,38.779998779296875,39.369998931884766,25.447574615478516,17154900,MRK
2008-05-05,39.369998931884766,39.400001525878906,38.900001525878906,38.97999954223633,25.195497512817383,10445300,MRK
2008-05-06,38.970001220703125,39.0,38.5099983215332,38.84000015258789,25.10500717163086,10439700,MRK
2008-05-07,38.849998474121094,39.4900016784668,38.849998474121094,39.0099983215332,25.214889526367188,16727600,MRK
2008-05-08,39.22999954223633,39.72999954223633,38.630001068115234,39.09000015258789,25.266603469848633,11337200,MRK
2008-05-09,39.0,39.619998931884766,38.5,38.9900016784668,25.201953887939453,12594100,MRK
2008-05-12,39.0099983215332,39.70000076293945,38.97999954223633,39.619998931884766,25.60917091369629,10252400,MRK
2008-05-13,39.5,39.83000183105469,38.939998626708984,39.16999816894531,25.31830596923828,12613700,MRK
2008-05-14,39.27000045776367,39.9900016784668,39.16999816894531,39.83000183105469,25.744903564453125,13065700,MRK
2008-05-15,39.81999969482422,40.09000015258789,39.470001220703125,40.0,25.85478973388672,13703900,MRK
2008-05-16,40.209999084472656,40.209999084472656,39.630001068115234,40.0,25.85478973388672,11971900,MRK
2008-05-19,39.95000076293945,40.099998474121094,39.77000045776367,40.02000045776367,25.867717742919922,14357800,MRK
2008-05-20,39.790000915527344,40.45000076293945,39.599998474121094,39.7400016784668,25.68673324584961,11052400,MRK
2008-05-21,39.72999954223633,40.09000015258789,39.0,39.130001068115234,25.292451858520508,12780400,MRK
2008-05-22,39.119998931884766,39.349998474121094,38.650001525878906,39.029998779296875,25.22780990600586,10859700,MRK
2008-05-23,38.9900016784668,39.2400016784668,38.720001220703125,38.7400016784668,25.040369033813477,10346600,MRK
2008-05-27,38.93000030517578,39.369998931884766,38.349998474121094,38.619998931884766,24.962799072265625,18798900,MRK
2008-05-28,38.79999923706055,38.86000061035156,38.22999954223633,38.65999984741211,24.988656997680664,11809000,MRK
2008-05-29,38.66999816894531,39.4900016784668,38.52000045776367,38.91999816894531,25.156721115112305,16202500,MRK
2008-05-30,39.11000061035156,39.2599983215332,38.529998779296875,38.959999084472656,25.182559967041016,13936700,MRK
2008-06-02,38.959999084472656,38.9900016784668,37.900001525878906,38.16999816894531,24.671932220458984,19494700,MRK
2008-06-03,38.279998779296875,38.56999969482422,38.040000915527344,38.349998474121094,24.788278579711914,12269200,MRK
2008-06-04,38.130001068115234,38.43000030517578,38.08000183105469,38.16999816894531,24.91884422302246,11552000,MRK
2008-06-05,38.369998931884766,38.97999954223633,38.09000015258789,38.88999938964844,25.38889503479004,13428800,MRK
2008-06-06,38.59000015258789,38.65999984741211,37.43000030517578,37.4900016784668,24.474918365478516,21969900,MRK
2008-06-09,37.599998474121094,37.83000183105469,36.709999084472656,36.9900016784668,24.148502349853516,15098700,MRK
2008-06-10,36.68000030517578,36.91999816894531,36.119998931884766,36.38999938964844,23.756799697875977,17612700,MRK
2008-06-11,36.5,36.630001068115234,35.43000030517578,35.72999954223633,23.32592010498047,25840200,MRK
2008-06-12,35.86000061035156,36.099998474121094,34.93000030517578,35.400001525878906,23.110490798950195,21962700,MRK
2008-06-13,35.650001525878906,35.970001220703125,34.91999816894531,35.529998779296875,23.19535255432129,19089900,MRK
2008-06-16,35.36000061035156,35.599998474121094,34.4900016784668,35.0099983215332,22.85587501525879,25522200,MRK
2008-06-17,35.119998931884766,35.40999984741211,34.63999938964844,34.68000030517578,22.640439987182617,15084400,MRK
2008-06-18,34.68000030517578,35.31999969482422,34.650001525878906,34.86000061035156,22.757957458496094,15662000,MRK
2008-06-19,34.81999969482422,36.06999969482422,34.779998779296875,35.599998474121094,23.241058349609375,27018300,MRK
2008-06-20,35.400001525878906,35.83000183105469,35.0,35.130001068115234,22.93422508239746,20638900,MRK
2008-06-23,35.209999084472656,35.9900016784668,35.119998931884766,35.83000183105469,23.391210556030273,18886400,MRK
2008-06-24,35.77000045776367,37.150001525878906,35.630001068115234,37.029998779296875,24.174612045288086,25269000,MRK
2008-06-25,36.75,37.20000076293945,36.33000183105469,36.97999954223633,24.141965866088867,22141500,MRK
2008-06-26,36.79999923706055,37.150001525878906,36.119998931884766,36.20000076293945,23.63275718688965,15992700,MRK
2008-06-27,36.310001373291016,37.880001068115234,36.25,36.97999954223633,24.141965866088867,36338200,MRK
2008-06-30,36.97999954223633,38.13999938964844,36.97999954223633,37.689998626708984,24.60548973083496,21641800,MRK
2008-07-01,37.40999984741211,38.72999954223633,37.34000015258789,38.36000061035156,25.042888641357422,23344800,MRK
2008-07-02,38.869998931884766,38.900001525878906,37.95000076293945,38.040000915527344,24.833980560302734,17793400,MRK
2008-07-03,38.279998779296875,38.70000076293945,38.279998779296875,38.45000076293945,25.10163688659668,10683900,MRK
2008-07-07,37.59000015258789,37.9900016784668,36.209999084472656,36.599998474121094,23.893896102905273,33240800,MRK
2008-07-08,36.75,37.43000030517578,36.7400016784668,36.970001220703125,24.135435104370117,25576700,MRK
2008-07-09,37.099998474121094,37.88999938964844,36.959999084472656,37.060001373291016,24.194198608398438,20462300,MRK
2008-07-10,37.13999938964844,37.75,36.31999969482422,37.0,24.155031204223633,15939800,MRK
2008-07-11,36.650001525878906,36.9900016784668,36.09000015258789,36.75,23.99181365966797,14376000,MRK
2008-07-14,36.810001373291016,37.36000061035156,36.66999816894531,36.869998931884766,24.070158004760742,10040600,MRK
2008-07-15,36.630001068115234,37.13999938964844,36.34000015258789,36.58000183105469,23.88083267211914,18378900,MRK
2008-07-16,36.36000061035156,37.0,36.20000076293945,36.630001068115234,23.913482666015625,18725300,MRK
2008-07-17,36.540000915527344,36.959999084472656,36.040000915527344,36.959999084472656,24.12891387939453,17160400,MRK
2008-07-18,37.119998931884766,37.689998626708984,36.599998474121094,37.68000030517578,24.598953247070312,18833500,MRK
2008-07-21,37.279998779296875,38.34000015258789,34.77000045776367,35.33000183105469,23.064796447753906,56316200,MRK
2008-07-22,32.349998474121094,32.869998931884766,31.149999618530273,31.329999923706055,20.453433990478516,78064500,MRK
2008-07-23,31.690000534057617,32.31999969482422,31.209999084472656,31.770000457763672,20.74068260192871,31829200,MRK
2008-07-24,32.16999816894531,33.02000045776367,31.610000610351562,32.220001220703125,21.034461975097656,25299700,MRK
2008-07-25,32.369998931884766,33.0,32.36000061035156,32.68000030517578,21.334766387939453,13798600,MRK
2008-07-28,32.68000030517578,32.68000030517578,31.950000762939453,32.060001373291016,20.930009841918945,13408500,MRK
2008-07-29,32.08000183105469,32.470001220703125,31.559999465942383,32.40999984741211,21.15850067138672,13086800,MRK
2008-07-30,32.459999084472656,33.459999084472656,32.400001525878906,32.970001220703125,21.524093627929688,15816800,MRK
2008-07-31,32.880001068115234,33.810001373291016,32.79999923706055,32.900001525878906,21.478391647338867,17637900,MRK
2008-08-01,33.09000015258789,33.599998474121094,32.7400016784668,33.2599983215332,21.713409423828125,20535000,MRK
2008-08-04,33.310001373291016,33.72999954223633,32.95000076293945,33.400001525878906,21.8048095703125,16273800,MRK
2008-08-05,33.4900016784668,34.790000915527344,33.4900016784668,34.70000076293945,22.65349769592285,16060000,MRK
2008-08-06,34.63999938964844,35.560001373291016,34.5,35.29999923706055,23.045207977294922,13784600,MRK
2008-08-07,35.060001373291016,35.88999938964844,34.75,34.880001068115234,22.771011352539062,17014000,MRK
2008-08-08,34.90999984741211,36.040000915527344,34.61000061035156,35.95000076293945,23.46955108642578,14134000,MRK
2008-08-11,35.84000015258789,35.95000076293945,35.619998931884766,35.90999984741211,23.44343376159668,13143000,MRK
2008-08-12,35.599998474121094,36.34000015258789,35.599998474121094,36.16999816894531,23.613168716430664,11627500,MRK
2008-08-13,35.900001525878906,36.72999954223633,35.689998626708984,35.7400016784668,23.33245086669922,12019200,MRK
2008-08-14,35.619998931884766,36.25,35.2599983215332,35.939998626708984,23.463016510009766,11026600,MRK
2008-08-15,36.060001373291016,36.650001525878906,36.060001373291016,36.15999984741211,23.606643676757812,8896500,MRK
2008-08-18,36.29999923706055,36.5,35.5,35.709999084472656,23.31285858154297,7918000,MRK
2008-08-19,35.470001220703125,35.689998626708984,35.0,35.25,23.012561798095703,10267100,MRK
2008-08-20,35.25,35.43000030517578,34.70000076293945,34.939998626708984,22.810184478759766,9685700,MRK
2008-08-21,34.86000061035156,34.9900016784668,34.150001525878906,34.81999969482422,22.731836318969727,14101700,MRK
2008-08-22,35.0,35.5099983215332,34.75,35.27000045776367,23.025619506835938,9650800,MRK
2008-08-25,35.16999816894531,35.31999969482422,34.560001373291016,35.0,22.849355697631836,11233500,MRK
2008-08-26,34.97999954223633,35.869998931884766,34.849998474121094,35.41999816894531,23.123546600341797,12900200,MRK
2008-08-27,35.41999816894531,35.869998931884766,35.0099983215332,35.72999954223633,23.32592010498047,8001200,MRK
2008-08-28,35.90999984741211,36.56999969482422,35.88999938964844,36.400001525878906,23.76332664489746,9359300,MRK
2008-08-29,36.310001373291016,36.33000183105469,35.5099983215332,35.66999816894531,23.28675079345703,11569100,MRK
2008-09-02,35.619998931884766,36.08000183105469,34.41999816894531,34.83000183105469,22.738370895385742,17346500,MRK
2008-09-03,34.79999923706055,34.869998931884766,34.060001373291016,34.66999816894531,22.88357162475586,9024600,MRK
2008-09-04,34.459999084472656,34.83000183105469,34.08000183105469,34.16999816894531,22.553556442260742,13805700,MRK
2008-09-05,33.86000061035156,34.369998931884766,33.59000015258789,34.29999923706055,22.639368057250977,15355700,MRK
2008-09-08,34.959999084472656,35.52000045776367,34.52000045776367,35.47999954223633,23.4182071685791,16326600,MRK
2008-09-09,35.5,35.849998474121094,34.310001373291016,34.34000015258789,22.665769577026367,14710200,MRK
2008-09-10,34.43000030517578,34.4900016784668,33.27000045776367,33.52000045776367,22.124534606933594,17493400,MRK
2008-09-11,33.119998931884766,34.099998474121094,33.119998931884766,33.9900016784668,22.434751510620117,16618900,MRK
2008-09-12,33.810001373291016,34.25,33.540000915527344,33.81999969482422,22.322546005249023,10987600,MRK
2008-09-15,33.11000061035156,33.849998474121094,32.709999084472656,32.720001220703125,21.59649658203125,15473400,MRK
2008-09-16,32.27000045776367,32.779998779296875,31.510000228881836,32.279998779296875,21.30608558654785,21910300,MRK
2008-09-17,31.760000228881836,32.20000076293945,30.989999771118164,31.1299991607666,20.547039031982422,22463600,MRK
2008-09-18,31.43000030517578,32.040000915527344,30.6299991607666,31.93000030517578,21.075069427490234,19854200,MRK
2008-09-19,32.63999938964844,32.869998931884766,30.520000457763672,31.84000015258789,21.015663146972656,25470700,MRK
2008-09-22,31.989999771118164,32.619998931884766,31.350000381469727,31.450000762939453,20.75825309753418,11772800,MRK
2008-09-23,31.469999313354492,32.0,30.690000534057617,30.75,20.296222686767578,17617800,MRK
2008-09-24,30.760000228881836,31.719999313354492,30.700000762939453,31.469999313354492,20.771453857421875,11357900,MRK
2008-09-25,31.6299991607666,32.630001068115234,31.520000457763672,32.369998931884766,21.36548614501953,15576000,MRK
2008-09-26,32.029998779296875,32.619998931884766,31.799999237060547,32.119998931884766,21.200475692749023,12800900,MRK
2008-09-29,31.889999389648438,32.119998931884766,30.34000015258789,30.34000015258789,20.025604248046875,23919700,MRK
2008-09-30,30.950000762939453,31.790000915527344,30.770000457763672,31.559999465942383,20.830852508544922,15030700,MRK
2008-10-01,31.420000076293945,32.439998626708984,31.399999618530273,32.09000015258789,21.180675506591797,14151900,MRK
2008-10-02,31.729999542236328,32.459999084472656,31.059999465942383,31.100000381469727,20.527233123779297,17471000,MRK
2008-10-03,31.389999389648438,32.29999923706055,31.25,31.780000686645508,20.976058959960938,17295500,MRK
2008-10-06,31.290000915527344,32.279998779296875,29.040000915527344,30.040000915527344,19.82760238647461,23631800,MRK
2008-10-07,30.040000915527344,31.239999771118164,28.81999969482422,28.920000076293945,19.088350296020508,20669400,MRK
2008-10-08,28.579999923706055,29.93000030517578,28.010000228881836,28.520000457763672,18.8243350982666,22480200,MRK
2008-10-09,28.450000762939453,28.56999969482422,25.530000686645508,26.209999084472656,17.299638748168945,25450500,MRK
2008-10-10,25.260000228881836,28.31999969482422,23.639999389648438,26.229999542236328,17.312849044799805,38493700,MRK
2008-10-13,27.229999542236328,29.790000915527344,27.1200008392334,29.420000076293945,19.418363571166992,20425400,MRK
2008-10-14,31.31999969482422,31.43000030517578,28.15999984741211,29.1299991607666,19.226961135864258,19776000,MRK
2008-10-15,28.829999923706055,29.100000381469727,26.40999984741211,26.559999465942383,17.530651092529297,18220100,MRK
2008-10-16,27.260000228881836,28.299999237060547,25.600000381469727,28.190000534057617,18.606515884399414,19629700,MRK
2008-10-17,27.540000915527344,30.200000762939453,27.329999923706055,28.5,18.811134338378906,23017800,MRK
2008-10-20,29.260000228881836,31.309999465942383,28.6299991607666,31.0,20.461227416992188,27174600,MRK
2008-10-21,30.3799991607666,31.440000534057617,29.84000015258789,29.969999313354492,19.781387329101562,14249400,MRK
2008-10-22,29.100000381469727,29.90999984741211,27.5,28.010000228881836,18.48771095275879,20669500,MRK
2008-10-23,28.440000534057617,29.3799991607666,26.860000610351562,28.850000381469727,19.042144775390625,22299000,MRK
2008-10-24,26.510000228881836,28.239999771118164,26.459999084472656,27.350000381469727,18.052091598510742,17210500,MRK
2008-10-27,27.030000686645508,28.360000610351562,25.799999237060547,26.81999969482422,17.702268600463867,16270200,MRK
2008-10-28,26.899999618530273,29.899999618530273,26.100000381469727,29.690000534057617,19.596580505371094,22985900,MRK
2008-10-29,29.459999084472656,30.709999084472656,28.530000686645508,28.68000030517578,18.9299373626709,18459200,MRK
2008-10-30,29.34000015258789,30.790000915527344,29.34000015258789,30.190000534057617,19.926593780517578,15457400,MRK
2008-10-31,30.020000457763672,31.690000534057617,29.1299991607666,30.950000762939453,20.428232192993164,16503900,MRK
2008-11-03,30.93000030517578,31.100000381469727,29.559999465942383,29.969999313354492,19.781387329101562,11835300,MRK
2008-11-04,30.530000686645508,31.299999237060547,30.15999984741211,31.1299991607666,20.547039031982422,14602000,MRK
2008-11-05,30.68000030517578,31.0,28.549999237060547,28.719999313354492,18.956340789794922,14671500,MRK
2008-11-06,28.559999465942383,29.329999923706055,27.6200008392334,27.860000610351562,18.388710021972656,19383200,MRK
2008-11-07,28.100000381469727,29.3700008392334,28.0,28.920000076293945,19.088350296020508,10817100,MRK
2008-11-10,29.559999465942383,29.850000381469727,27.510000228881836,27.90999984741211,18.421707153320312,13169100,MRK
2008-11-11,27.809999465942383,28.040000915527344,27.020000457763672,27.549999237060547,18.184091567993164,11751900,MRK
2008-11-12,27.399999618530273,27.420000076293945,26.520000457763672,26.719999313354492,17.636259078979492,13127700,MRK
2008-11-13,27.389999389648438,28.729999542236328,26.079999923706055,28.530000686645508,18.8309383392334,19972700,MRK
2008-11-14,27.959999084472656,28.770000457763672,27.25,27.329999923706055,18.038883209228516,16182000,MRK
2008-11-17,26.729999542236328,26.969999313354492,25.90999984741211,25.989999771118164,17.154436111450195,11982200,MRK
2008-11-18,25.68000030517578,26.700000762939453,25.06999969482422,26.1299991607666,17.246837615966797,18212300,MRK
2008-11-19,25.829999923706055,26.899999618530273,25.200000762939453,25.309999465942383,16.70560646057129,15545600,MRK
2008-11-20,25.18000030517578,26.600000381469727,23.18000030517578,23.559999465942383,15.550538063049316,23227600,MRK
2008-11-21,23.899999618530273,24.459999084472656,22.81999969482422,24.399999618530273,16.104969024658203,24349200,MRK
2008-11-24,24.84000015258789,25.959999084472656,24.3799991607666,25.440000534057617,16.79141616821289,17168500,MRK
2008-11-25,25.850000381469727,26.0,25.149999618530273,25.809999465942383,17.035621643066406,13649900,MRK
2008-11-26,25.399999618530273,26.389999389648438,25.0,26.309999465942383,17.365646362304688,12770500,MRK
2008-11-28,25.68000030517578,26.719999313354492,25.639999389648438,26.719999313354492,17.636259078979492,5921300,MRK
2008-12-01,26.3700008392334,26.75,24.760000228881836,24.850000381469727,16.401988983154297,14683700,MRK
2008-12-02,25.8700008392334,26.770000457763672,25.360000610351562,26.68000030517578,17.6098575592041,15542100,MRK
2008-12-03,25.649999618530273,26.690000534057617,25.43000030517578,26.459999084472656,17.71698760986328,14854500,MRK
2008-12-04,25.329999923706055,26.030000686645508,24.6200008392334,25.0,16.739410400390625,20633800,MRK
2008-12-05,24.670000076293945,26.920000076293945,24.1299991607666,26.489999771118164,17.73708152770996,23203800,MRK
2008-12-08,27.010000228881836,27.68000030517578,26.75,27.0,18.078567504882812,15348300,MRK
2008-12-09,27.360000610351562,27.459999084472656,26.15999984741211,26.309999465942383,17.616558074951172,19457000,MRK
2008-12-10,26.40999984741211,27.40999984741211,26.40999984741211,26.979999542236328,18.065170288085938,13204900,MRK
2008-12-11,26.799999237060547,27.770000457763672,26.200000762939453,26.440000534057617,17.703601837158203,12548500,MRK
2008-12-12,25.899999618530273,27.149999618530273,25.81999969482422,27.040000915527344,18.105348587036133,13315900,MRK
2008-12-15,26.950000762939453,27.239999771118164,26.200000762939453,26.600000381469727,17.81073570251465,12511900,MRK
2008-12-16,27.049999237060547,28.100000381469727,26.479999542236328,27.90999984741211,18.68787956237793,15785000,MRK
2008-12-17,27.190000534057617,27.829999923706055,26.93000030517578,27.1200008392334,18.158912658691406,14171900,MRK
2008-12-18,27.389999389648438,28.329999923706055,27.059999465942383,27.739999771118164,18.574052810668945,18812300,MRK
2008-12-19,28.059999465942383,29.06999969482422,27.649999618530273,28.559999465942383,19.12310218811035,26621900,MRK
2008-12-22,28.469999313354492,29.3799991607666,28.290000915527344,29.09000015258789,19.477981567382812,17058000,MRK
2008-12-23,29.360000610351562,30.219999313354492,29.190000534057617,29.40999984741211,19.692243576049805,18440000,MRK
2008-12-24,29.360000610351562,29.65999984741211,29.100000381469727,29.270000457763672,19.598501205444336,3376200,MRK
2008-12-26,29.399999618530273,29.5,28.75,29.0,19.417715072631836,3854700,MRK
2008-12-29,29.110000610351562,29.25,27.950000762939453,28.299999237060547,18.94901466369629,12959000,MRK
2008-12-30,28.65999984741211,29.65999984741211,28.65999984741211,29.600000381469727,19.81946563720703,11017300,MRK
2008-12-31,29.700000762939453,30.56999969482422,29.690000534057617,30.399999618530273,20.35512351989746,12024200,MRK
2009-01-02,30.459999084472656,31.1200008392334,30.309999465942383,31.0,20.756866455078125,12207400,MRK
2009-01-05,31.450000762939453,31.65999984741211,30.290000915527344,30.530000686645508,20.442167282104492,14968500,MRK
2009-01-06,31.079999923706055,31.260000228881836,29.549999237060547,29.969999313354492,20.06720542907715,15031200,MRK
2009-01-07,29.610000610351562,29.8799991607666,29.15999984741211,29.489999771118164,19.74580955505371,12715200,MRK
2009-01-08,29.68000030517578,29.690000534057617,29.040000915527344,29.360000610351562,19.658761978149414,10584100,MRK
2009-01-09,28.899999618530273,29.610000610351562,28.450000762939453,28.729999542236328,19.236936569213867,10616400,MRK
2009-01-12,28.729999542236328,28.950000762939453,28.299999237060547,28.5,19.082931518554688,8886600,MRK
2009-01-13,28.40999984741211,28.989999771118164,28.229999542236328,28.440000534057617,19.042755126953125,10811200,MRK
2009-01-14,27.93000030517578,28.260000228881836,27.399999618530273,27.81999969482422,18.627622604370117,12241400,MRK
2009-01-15,27.809999465942383,28.280000686645508,27.3700008392334,28.1200008392334,18.8284912109375,12677300,MRK
2009-01-16,28.399999618530273,28.760000228881836,27.40999984741211,28.190000534057617,18.87535858154297,14516900,MRK
2009-01-20,28.1299991607666,28.8799991607666,27.829999923706055,27.889999389648438,18.67448616027832,14701400,MRK
2009-01-21,28.229999542236328,28.389999389648438,26.889999389648438,27.56999969482422,18.460227966308594,18226600,MRK
2009-01-22,27.25,27.700000762939453,26.8700008392334,27.450000762939453,18.379871368408203,15248500,MRK
2009-01-23,27.739999771118164,28.350000381469727,27.530000686645508,28.200000762939453,18.882057189941406,14889300,MRK
2009-01-26,28.06999969482422,28.729999542236328,27.520000457763672,27.790000915527344,18.607532501220703,14140000,MRK
2009-01-27,27.860000610351562,28.670000076293945,27.850000381469727,28.3700008392334,18.995885848999023,9643300,MRK
2009-01-28,28.860000610351562,29.110000610351562,28.3799991607666,28.780000686645508,19.270408630371094,13550100,MRK
2009-01-29,28.520000457763672,29.059999465942383,28.3799991607666,28.940000534057617,19.377540588378906,12005700,MRK
2009-01-30,28.850000381469727,29.0,28.34000015258789,28.549999237060547,19.116403579711914,16422400,MRK
2009-02-02,28.09000015258789,28.940000534057617,28.0,28.43000030517578,19.036052703857422,14029600,MRK
2009-02-03,29.8799991607666,30.760000228881836,28.93000030517578,30.239999771118164,20.247995376586914,23361200,MRK
2009-02-04,30.25,30.860000610351562,29.600000381469727,29.899999618530273,20.020339965820312,12976500,MRK
2009-02-05,28.600000381469727,30.459999084472656,28.600000381469727,30.100000381469727,20.154253005981445,13710400,MRK
2009-02-06,30.010000228881836,30.93000030517578,30.010000228881836,30.770000457763672,20.602867126464844,11068500,MRK
2009-02-09,30.65999984741211,30.8700008392334,30.170000076293945,30.649999618530273,20.52251434326172,8727900,MRK
2009-02-10,30.469999313354492,30.649999618530273,28.860000610351562,29.010000228881836,19.42441177368164,14367500,MRK
2009-02-11,29.100000381469727,29.940000534057617,29.010000228881836,29.719999313354492,19.899810791015625,10317100,MRK
2009-02-12,29.229999542236328,29.43000030517578,28.530000686645508,29.34000015258789,19.645374298095703,10868100,MRK
2009-02-13,29.270000457763672,29.399999618530273,28.520000457763672,28.75,19.250320434570312,10496900,MRK
2009-02-17,28.139999389648438,29.030000686645508,27.8799991607666,28.610000610351562,19.156587600708008,20596300,MRK
2009-02-18,28.709999084472656,28.799999237060547,28.0,28.639999389648438,19.176673889160156,14352300,MRK
2009-02-19,28.93000030517578,29.0,28.459999084472656,28.530000686645508,19.103015899658203,9859400,MRK
2009-02-20,28.100000381469727,28.520000457763672,27.790000915527344,28.100000381469727,18.81509780883789,17702900,MRK
2009-02-23,27.6200008392334,28.389999389648438,27.6200008392334,27.8799991607666,18.667789459228516,17967300,MRK
2009-02-24,27.90999984741211,28.559999465942383,27.540000915527344,28.530000686645508,19.103015899658203,17737200,MRK
2009-02-25,28.190000534057617,28.450000762939453,27.719999313354492,27.90999984741211,18.68787956237793,21817800,MRK
2009-02-26,28.170000076293945,28.170000076293945,26.030000686645508,26.040000915527344,17.43577003479004,19892000,MRK
2009-02-27,25.469999313354492,25.780000686645508,24.170000076293945,24.200000762939453,16.203746795654297,32511200,MRK
2009-03-02,23.81999969482422,24.31999969482422,23.420000076293945,23.440000534057617,15.694869995117188,16621000,MRK
2009-03-03,23.68000030517578,24.100000381469727,22.860000610351562,23.049999237060547,15.433736801147461,18106300,MRK
2009-03-04,23.209999084472656,23.530000686645508,22.440000534057617,23.170000076293945,15.774137496948242,21570300,MRK
2009-03-05,22.600000381469727,22.889999389648438,21.93000030517578,22.139999389648438,15.072911262512207,20637600,MRK
2009-03-06,22.350000381469727,22.940000534057617,22.040000915527344,22.739999771118164,15.48139476776123,18040200,MRK
2009-03-09,20.149999618530273,22.5,20.049999237060547,20.989999771118164,14.289992332458496,84150500,MRK
2009-03-10,21.6299991607666,22.309999465942383,21.389999389648438,22.200000762939453,15.113761901855469,34729400,MRK
2009-03-11,22.139999389648438,22.729999542236328,21.799999237060547,21.940000534057617,14.936752319335938,28147600,MRK
2009-03-12,21.860000610351562,24.09000015258789,21.65999984741211,24.030000686645508,16.359622955322266,38393000,MRK
2009-03-13,24.260000228881836,27.700000762939453,24.260000228881836,27.06999969482422,18.429264068603516,57253100,MRK
2009-03-16,26.979999542236328,27.440000534057617,26.1200008392334,26.209999084472656,17.843772888183594,32683400,MRK
2009-03-17,26.010000228881836,26.639999389648438,25.799999237060547,26.610000610351562,18.116090774536133,22554700,MRK
2009-03-18,26.299999237060547,27.5,26.1299991607666,26.959999084472656,18.3543701171875,21169400,MRK
2009-03-19,27.030000686645508,27.139999389648438,25.68000030517578,26.040000915527344,17.728031158447266,24068400,MRK
2009-03-20,26.6200008392334,27.200000762939453,26.309999465942383,26.719999313354492,18.190980911254883,25664100,MRK
2009-03-23,27.200000762939453,27.979999542236328,26.770000457763672,27.979999542236328,19.048786163330078,19462800,MRK
2009-03-24,27.610000610351562,28.1200008392334,27.510000228881836,27.75,18.892202377319336,14756600,MRK
2009-03-25,27.959999084472656,28.020000457763672,26.809999465942383,27.5,18.72200584411621,17419800,MRK
2009-03-26,27.770000457763672,27.809999465942383,27.079999923706055,27.579999923706055,18.776464462280273,15759600,MRK
2009-03-27,26.93000030517578,27.6200008392334,26.799999237060547,27.15999984741211,18.490528106689453,16267500,MRK
2009-03-30,26.780000686645508,26.899999618530273,26.139999389648438,26.549999237060547,18.075239181518555,14547000,MRK
2009-03-31,26.809999465942383,27.079999923706055,26.520000457763672,26.75,18.21140480041504,21897300,MRK
2009-04-01,26.489999771118164,27.229999542236328,25.75,26.989999771118164,18.374788284301758,18015500,MRK
2009-04-02,27.209999084472656,27.600000381469727,26.440000534057617,27.0,18.38160514831543,17971000,MRK
2009-04-03,27.0,27.309999465942383,26.09000015258789,26.459999084472656,18.013967514038086,15484000,MRK
2009-04-06,26.280000686645508,27.540000915527344,26.280000686645508,26.670000076293945,18.15693473815918,12702700,MRK
2009-04-07,26.540000915527344,26.56999969482422,26.010000228881836,26.270000457763672,17.88461685180664,13320400,MRK
2009-04-08,26.3799991607666,26.760000228881836,26.209999084472656,26.760000228881836,18.218204498291016,10566000,MRK
2009-04-09,27.260000228881836,27.450000762939453,26.079999923706055,26.299999237060547,17.905040740966797,15095400,MRK
2009-04-13,26.1200008392334,26.520000457763672,25.8700008392334,26.049999237060547,17.73483657836914,11120700,MRK
2009-04-14,25.90999984741211,26.18000030517578,25.56999969482422,25.68000030517578,17.482946395874023,12559200,MRK
2009-04-15,25.6200008392334,26.389999389648438,25.530000686645508,26.25,17.871002197265625,15764700,MRK
2009-04-16,26.440000534057617,26.510000228881836,25.360000610351562,25.850000381469727,17.598678588867188,18572500,MRK
2009-04-17,25.899999618530273,26.489999771118164,25.639999389648438,25.729999542236328,17.516984939575195,18806500,MRK
2009-04-20,25.5,25.90999984741211,25.190000534057617,25.219999313354492,17.16977882385254,13155200,MRK
2009-04-21,24.40999984741211,24.549999237060547,22.93000030517578,23.540000915527344,16.02603530883789,40474800,MRK
2009-04-22,23.399999618530273,23.5,22.329999923706055,22.969999313354492,15.63797664642334,53002800,MRK
2009-04-23,23.06999969482422,23.329999923706055,22.639999389648438,23.229999542236328,15.814987182617188,35585200,MRK
2009-04-24,23.270000457763672,23.549999237060547,23.049999237060547,23.450000762939453,15.964764595031738,22065600,MRK
2009-04-27,23.399999618530273,23.690000534057617,23.209999084472656,23.440000534057617,15.957951545715332,16208700,MRK
2009-04-28,23.420000076293945,23.6200008392334,23.0,23.170000076293945,15.774137496948242,22957100,MRK
2009-04-29,23.229999542236328,24.059999465942383,23.149999618530273,23.899999618530273,16.2711181640625,27914800,MRK
2009-04-30,24.1200008392334,24.579999923706055,24.0,24.239999771118164,16.502593994140625,28085900,MRK
2009-05-01,24.229999542236328,24.3799991607666,23.809999465942383,24.299999237060547,16.54344367980957,15092400,MRK
2009-05-04,24.600000381469727,24.84000015258789,24.329999923706055,24.6200008392334,16.76129722595215,19130400,MRK
2009-05-05,24.5,24.979999542236328,24.360000610351562,24.59000015258789,16.740875244140625,17072400,MRK
2009-05-06,24.68000030517578,24.93000030517578,24.239999771118164,24.610000610351562,16.75448989868164,22625000,MRK
2009-05-07,24.700000762939453,25.56999969482422,24.450000762939453,25.209999084472656,17.1629695892334,27669700,MRK
2009-05-08,25.350000381469727,25.510000228881836,24.649999618530273,24.81999969482422,16.897459030151367,18673700,MRK
2009-05-11,24.579999923706055,24.799999237060547,24.329999923706055,24.399999618530273,16.611520767211914,16185700,MRK
2009-05-12,24.5,25.25,24.280000686645508,24.979999542236328,17.006393432617188,23332300,MRK
2009-05-13,24.889999389648438,26.25,24.850000381469727,25.670000076293945,17.47614097595215,25271800,MRK
2009-05-14,25.770000457763672,26.239999771118164,25.649999618530273,26.049999237060547,17.73483657836914,20350300,MRK
2009-05-15,26.25,26.25,25.34000015258789,25.469999313354492,17.339977264404297,18080000,MRK
2009-05-18,25.610000610351562,25.799999237060547,25.219999313354492,25.739999771118164,17.523794174194336,14960900,MRK
2009-05-19,25.739999771118164,25.899999618530273,25.299999237060547,25.770000457763672,17.544214248657227,15613600,MRK
2009-05-20,25.979999542236328,26.450000762939453,25.790000915527344,26.09000015258789,17.762073516845703,15487600,MRK
2009-05-21,25.729999542236328,26.190000534057617,25.40999984741211,26.1200008392334,17.782499313354492,22638900,MRK
2009-05-22,26.149999618530273,26.350000381469727,25.969999313354492,26.170000076293945,17.816537857055664,14637500,MRK
2009-05-26,26.0,26.600000381469727,25.65999984741211,26.559999465942383,18.082046508789062,15917300,MRK
2009-05-27,26.469999313354492,26.799999237060547,26.469999313354492,26.6299991607666,18.12970733642578,19665600,MRK
2009-05-28,26.40999984741211,27.0,26.350000381469727,26.770000457763672,18.22501564025879,27674600,MRK
2009-05-29,26.940000534057617,27.610000610351562,26.850000381469727,27.579999923706055,18.776464462280273,41874600,MRK
2009-06-01,27.709999084472656,27.850000381469727,27.1299991607666,27.530000686645508,18.742422103881836,20241100,MRK
2009-06-02,27.510000228881836,27.8700008392334,27.200000762939453,27.700000762939453,18.85816192626953,14595000,MRK
2009-06-03,27.389999389648438,27.610000610351562,27.059999465942383,27.59000015258789,18.78326988220215,19485700,MRK
2009-06-04,27.469999313354492,27.549999237060547,26.469999313354492,26.579999923706055,18.34838104248047,22064700,MRK
2009-06-05,26.729999542236328,26.899999618530273,25.6200008392334,26.06999969482422,17.996315002441406,25403400,MRK
2009-06-08,25.860000610351562,26.18000030517578,25.479999542236328,25.93000030517578,17.899675369262695,17685400,MRK
2009-06-09,25.93000030517578,26.1299991607666,25.540000915527344,25.719999313354492,17.754716873168945,11666700,MRK
2009-06-10,25.920000076293945,26.1299991607666,25.40999984741211,25.59000015258789,17.664974212646484,12843700,MRK
2009-06-11,25.690000534057617,26.56999969482422,25.690000534057617,26.190000534057617,18.079160690307617,17071600,MRK
2009-06-12,26.1200008392334,27.06999969482422,25.68000030517578,26.079999923706055,18.003223419189453,29770200,MRK
2009-06-15,25.829999923706055,26.0,24.790000915527344,24.959999084472656,17.23008155822754,26987200,MRK
2009-06-16,25.010000228881836,25.200000762939453,24.3700008392334,24.43000030517578,16.864219665527344,26775100,MRK
2009-06-17,24.450000762939453,24.979999542236328,24.43000030517578,24.770000457763672,17.098918914794922,23473000,MRK
2009-06-18,25.0,25.90999984741211,24.8799991607666,25.649999618530273,17.706392288208008,20476200,MRK
2009-06-19,25.90999984741211,26.540000915527344,25.809999465942383,25.90999984741211,17.885875701904297,26623100,MRK
2009-06-22,25.739999771118164,25.739999771118164,25.149999618530273,25.18000030517578,17.381946563720703,18624800,MRK
2009-06-23,25.280000686645508,25.489999771118164,25.0,25.110000610351562,17.333627700805664,14103800,MRK
2009-06-24,25.149999618530273,25.670000076293945,25.049999237060547,25.450000762939453,17.56833267211914,15248800,MRK
2009-06-25,25.489999771118164,26.600000381469727,25.190000534057617,26.56999969482422,18.341480255126953,20121500,MRK
2009-06-26,26.479999542236328,27.059999465942383,26.34000015258789,27.0,18.6383113861084,22684500,MRK
2009-06-29,27.059999465942383,27.950000762939453,26.8700008392334,27.850000381469727,19.225072860717773,21994300,MRK
2009-06-30,27.850000381469727,28.049999237060547,27.290000915527344,27.959999084472656,19.301006317138672,21717800,MRK
2009-07-01,28.100000381469727,28.219999313354492,27.770000457763672,28.049999237060547,19.363126754760742,15397400,MRK
2009-07-02,27.729999542236328,27.989999771118164,26.979999542236328,27.010000228881836,18.645206451416016,14531500,MRK
2009-07-06,26.969999313354492,28.0,26.760000228881836,27.889999389648438,19.252681732177734,23135700,MRK
2009-07-07,27.850000381469727,28.389999389648438,27.520000457763672,27.6200008392334,19.066299438476562,22512400,MRK
2009-07-08,27.889999389648438,28.540000915527344,27.729999542236328,28.040000915527344,19.356229782104492,21377400,MRK
2009-07-09,27.760000228881836,27.899999618530273,26.579999923706055,27.010000228881836,18.645206451416016,26822500,MRK
2009-07-10,26.899999618530273,26.989999771118164,26.260000228881836,26.450000762939453,18.258638381958008,17947800,MRK
2009-07-13,26.420000076293945,26.899999618530273,26.1299991607666,26.81999969482422,18.514053344726562,15758800,MRK
2009-07-14,26.899999618530273,27.309999465942383,25.049999237060547,27.15999984741211,18.748754501342773,13903400,MRK
2009-07-15,27.34000015258789,27.760000228881836,26.81999969482422,27.709999084472656,19.12842559814453,20524700,MRK
2009-07-16,27.690000534057617,28.0,27.549999237060547,27.8700008392334,19.23887825012207,12661200,MRK
2009-07-17,27.829999923706055,27.8700008392334,27.40999984741211,27.68000030517578,19.10772132873535,10816100,MRK
2009-07-20,27.75,28.0,27.440000534057617,27.940000534057617,19.287202835083008,11308300,MRK
2009-07-21,28.729999542236328,29.790000915527344,28.579999923706055,29.649999618530273,20.467626571655273,26680400,MRK
2009-07-22,29.56999969482422,30.059999465942383,29.270000457763672,29.450000762939453,20.32956314086914,18959400,MRK
2009-07-23,29.520000457763672,30.639999389648438,29.469999313354492,30.25,20.88181495666504,25456600,MRK
2009-07-24,30.270000457763672,31.059999465942383,29.940000534057617,30.989999771118164,21.392635345458984,25103700,MRK
2009-07-27,31.1200008392334,31.18000030517578,30.420000076293945,30.770000457763672,21.240766525268555,20063700,MRK
2009-07-28,30.709999084472656,30.90999984741211,29.770000457763672,30.020000457763672,20.723031997680664,22545100,MRK
2009-07-29,30.010000228881836,30.139999389648438,29.510000228881836,29.8700008392334,20.619489669799805,15932000,MRK
2009-07-30,30.209999084472656,30.969999313354492,29.8799991607666,29.940000534057617,20.66781234741211,23187300,MRK
2009-07-31,30.200000762939453,30.579999923706055,29.90999984741211,30.010000228881836,20.716136932373047,15524200,MRK
2009-08-03,30.450000762939453,30.469999313354492,29.729999542236328,30.020000457763672,20.723031997680664,15551800,MRK
2009-08-04,30.139999389648438,30.270000457763672,29.479999542236328,29.84000015258789,20.598785400390625,15341500,MRK
2009-08-05,29.8700008392334,30.18000030517578,29.34000015258789,29.610000610351562,20.44001007080078,12762500,MRK
2009-08-06,29.68000030517578,29.68000030517578,29.25,29.360000610351562,20.26743507385254,10972800,MRK
2009-08-07,29.709999084472656,30.5,29.450000762939453,30.100000381469727,20.77826499938965,13030800,MRK
2009-08-10,30.290000915527344,31.0,30.110000610351562,30.600000381469727,21.1234188079834,18178400,MRK
2009-08-11,30.459999084472656,30.780000686645508,30.149999618530273,30.329999923706055,20.937028884887695,10900600,MRK
2009-08-12,30.34000015258789,30.989999771118164,30.0,30.739999771118164,21.22005844116211,12308700,MRK
2009-08-13,30.729999542236328,30.979999542236328,28.690000534057617,30.979999542236328,21.38572883605957,13490400,MRK
2009-08-14,31.0,31.09000015258789,30.520000457763672,30.979999542236328,21.38572883605957,16166200,MRK
2009-08-17,30.600000381469727,31.350000381469727,30.540000915527344,30.8799991607666,21.316701889038086,18687300,MRK
2009-08-18,30.8700008392334,30.8700008392334,30.299999237060547,30.709999084472656,21.199350357055664,12334000,MRK
2009-08-19,30.65999984741211,31.920000076293945,30.450000762939453,31.479999542236328,21.730884552001953,20345700,MRK
2009-08-20,31.639999389648438,31.639999389648438,30.979999542236328,31.34000015258789,21.63424301147461,15424200,MRK
2009-08-21,31.649999618530273,32.720001220703125,31.450000762939453,32.560001373291016,22.476421356201172,20726500,MRK
2009-08-24,32.9900016784668,33.0,32.310001373291016,32.5,22.435001373291016,13575600,MRK
2009-08-25,32.90999984741211,33.04999923706055,32.5,32.95000076293945,22.745641708374023,19161800,MRK
2009-08-26,32.81999969482422,32.97999954223633,32.470001220703125,32.68000030517578,22.55925750732422,9960000,MRK
2009-08-27,32.599998474121094,33.0,32.209999084472656,32.869998931884766,22.690414428710938,9830300,MRK
2009-08-28,32.91999816894531,32.91999816894531,32.119998931884766,32.31999969482422,22.310745239257812,12061500,MRK
2009-08-31,32.27000045776367,32.689998626708984,32.15999984741211,32.43000030517578,22.386682510375977,12947800,MRK
2009-09-01,32.290000915527344,32.529998779296875,31.65999984741211,31.790000915527344,21.944883346557617,16070100,MRK
2009-09-02,31.3700008392334,31.399999618530273,30.75,30.809999465942383,21.52568817138672,13588600,MRK
2009-09-03,30.829999923706055,30.8700008392334,29.940000534057617,30.239999771118164,21.127452850341797,16553200,MRK
2009-09-04,30.450000762939453,30.700000762939453,30.209999084472656,30.700000762939453,21.448835372924805,12160600,MRK
2009-09-08,30.93000030517578,31.030000686645508,30.299999237060547,30.969999313354492,21.637475967407227,13740800,MRK
2009-09-09,31.100000381469727,31.6200008392334,30.889999389648438,31.549999237060547,22.042694091796875,12422500,MRK
2009-09-10,31.649999618530273,32.06999969482422,31.270000457763672,31.959999084472656,22.329143524169922,14871100,MRK
2009-09-11,32.150001525878906,32.619998931884766,31.920000076293945,32.540000915527344,22.734365463256836,14408500,MRK
2009-09-14,32.34000015258789,32.93000030517578,32.29999923706055,32.88999938964844,22.978893280029297,18402000,MRK
2009-09-15,32.81999969482422,32.91999816894531,32.599998474121094,32.70000076293945,22.84615135192871,15279200,MRK
2009-09-16,32.72999954223633,32.77000045776367,31.860000610351562,32.16999816894531,22.47585678100586,14869000,MRK
2009-09-17,32.029998779296875,32.369998931884766,31.709999084472656,32.0099983215332,22.364076614379883,15192200,MRK
2009-09-18,32.18000030517578,32.36000061035156,31.780000686645508,31.8799991607666,22.273252487182617,20299700,MRK
2009-09-21,31.790000915527344,32.08000183105469,31.600000381469727,31.81999969482422,22.2313289642334,13559400,MRK
2009-09-22,31.829999923706055,31.829999923706055,31.290000915527344,31.329999923706055,21.888988494873047,13757200,MRK
2009-09-23,31.389999389648438,31.600000381469727,31.15999984741211,31.329999923706055,21.888988494873047,20513200,MRK
2009-09-24,31.229999542236328,31.399999618530273,30.799999237060547,31.010000228881836,21.665420532226562,15357900,MRK
2009-09-25,30.90999984741211,31.709999084472656,30.90999984741211,31.25,21.833097457885742,21109200,MRK
2009-09-28,31.209999084472656,32.41999816894531,31.020000457763672,32.029998779296875,22.3780517578125,14319600,MRK
2009-09-29,32.02000045776367,32.220001220703125,31.68000030517578,31.850000381469727,22.25229835510254,14091600,MRK
2009-09-30,31.969999313354492,31.989999771118164,31.149999618530273,31.6299991607666,22.098588943481445,20409300,MRK
2009-10-01,31.739999771118164,31.799999237060547,31.030000686645508,31.18000030517578,21.784191131591797,17170700,MRK
2009-10-02,31.18000030517578,31.829999923706055,31.09000015258789,31.649999618530273,22.112560272216797,20478200,MRK
2009-10-05,31.420000076293945,31.799999237060547,31.18000030517578,31.770000457763672,22.19640350341797,17467300,MRK
2009-10-06,31.940000534057617,32.560001373291016,31.670000076293945,32.5099983215332,22.713409423828125,20658200,MRK
2009-10-07,32.38999938964844,32.47999954223633,31.940000534057617,32.189998626708984,22.489835739135742,11588100,MRK
2009-10-08,32.38999938964844,32.54999923706055,32.22999954223633,32.43000030517578,22.657516479492188,11405100,MRK
2009-10-09,32.459999084472656,32.68000030517578,32.33000183105469,32.560001373291016,22.74834442138672,11355300,MRK
2009-10-12,32.720001220703125,32.9900016784668,32.5,32.86000061035156,22.95794105529785,10921000,MRK
2009-10-13,32.7400016784668,32.95000076293945,32.349998474121094,32.41999816894531,22.65052604675293,20185500,MRK
2009-10-14,32.7400016784668,33.0099983215332,32.31999969482422,32.900001525878906,22.985891342163086,36559200,MRK
2009-10-15,32.81999969482422,33.400001525878906,32.619998931884766,33.29999923706055,23.26535415649414,22403600,MRK
2009-10-16,33.27000045776367,33.380001068115234,32.95000076293945,33.209999084472656,23.202470779418945,20325300,MRK
2009-10-19,33.11000061035156,33.83000183105469,33.11000061035156,33.72999954223633,23.565767288208008,27989800,MRK
2009-10-20,33.90999984741211,34.18000030517578,33.630001068115234,33.720001220703125,23.558786392211914,23195600,MRK
2009-10-21,33.75,33.79999923706055,32.61000061035156,32.68000030517578,22.832181930541992,24232100,MRK
2009-10-22,32.38999938964844,32.90999984741211,31.260000228881836,32.869998931884766,22.964923858642578,24284900,MRK
2009-10-23,32.7599983215332,32.95000076293945,32.18000030517578,32.43000030517578,22.657516479492188,17126100,MRK
2009-10-26,32.5,33.040000915527344,31.8700008392334,32.02000045776367,22.371063232421875,18345500,MRK
2009-10-27,32.59000015258789,32.900001525878906,32.16999816894531,32.43000030517578,22.657516479492188,18769600,MRK
2009-10-28,32.59000015258789,32.70000076293945,32.0,32.04999923706055,22.39202308654785,15078500,MRK
2009-10-29,32.029998779296875,32.029998779296875,30.899999618530273,31.309999465942383,21.875015258789062,40933700,MRK
2009-10-30,31.170000076293945,31.780000686645508,30.829999923706055,30.93000030517578,21.609525680541992,40464100,MRK
2009-11-02,31.1200008392334,31.5,30.959999084472656,31.260000228881836,21.8400821685791,21390500,MRK
2009-11-03,31.09000015258789,31.280000686645508,30.290000915527344,30.670000076293945,21.427873611450195,67921300,MRK
2009-11-04,31.329999923706055,32.849998474121094,31.25,32.63999938964844,22.80423355102539,36210200,MRK
2009-11-05,32.4900016784668,33.43000030517578,32.4900016784668,32.709999084472656,22.85314178466797,22739300,MRK
2009-11-06,32.61000061035156,32.95000076293945,32.220001220703125,32.59000015258789,22.769298553466797,19844600,MRK
2009-11-09,32.880001068115234,33.4900016784668,32.70000076293945,33.43000030517578,23.35618019104004,29183300,MRK
2009-11-10,33.5099983215332,33.7400016784668,33.33000183105469,33.61000061035156,23.48193359375,15865000,MRK
2009-11-11,33.72999954223633,33.75,33.119998931884766,33.220001220703125,23.209461212158203,17477300,MRK
2009-11-12,33.040000915527344,33.470001220703125,32.86000061035156,32.97999954223633,23.041776657104492,14098800,MRK
2009-11-13,33.29999923706055,33.5,33.0,33.099998474121094,23.125619888305664,14515200,MRK
2009-11-16,33.97999954223633,34.349998474121094,33.52000045776367,33.810001373291016,23.621665954589844,25097500,MRK
2009-11-17,33.79999923706055,34.29999923706055,33.349998474121094,34.290000915527344,23.9570255279541,16560100,MRK
2009-11-18,34.27000045776367,35.400001525878906,34.08000183105469,35.13999938964844,24.55088233947754,28191300,MRK
2009-11-19,35.09000015258789,35.720001220703125,34.7599983215332,35.33000183105469,24.683631896972656,23990800,MRK
2009-11-20,35.45000076293945,36.66999816894531,35.33000183105469,36.459999084472656,25.47311019897461,36367100,MRK
2009-11-23,36.75,36.959999084472656,36.189998626708984,36.41999816894531,25.445165634155273,22750600,MRK
2009-11-24,36.279998779296875,36.83000183105469,35.86000061035156,36.220001220703125,25.305435180664062,21241100,MRK
2009-11-25,36.290000915527344,36.66999816894531,35.959999084472656,36.56999969482422,25.549970626831055,11157800,MRK
2009-11-27,35.97999954223633,36.540000915527344,35.619998931884766,36.290000915527344,25.35433578491211,8971900,MRK
2009-11-30,36.15999984741211,36.33000183105469,35.869998931884766,36.209999084472656,25.298446655273438,18365300,MRK
2009-12-01,36.290000915527344,37.22999954223633,36.290000915527344,36.880001068115234,25.76654624938965,16623600,MRK
2009-12-02,36.5,37.0,36.45000076293945,36.79999923706055,25.710657119750977,12024800,MRK
2009-12-03,36.709999084472656,37.040000915527344,36.54999923706055,36.77000045776367,25.6897029876709,13014700,MRK
2009-12-04,37.209999084472656,37.5,36.63999938964844,36.70000076293945,25.640792846679688,16614900,MRK
2009-12-07,36.52000045776367,37.040000915527344,36.47999954223633,36.70000076293945,25.640792846679688,9969500,MRK
2009-12-08,36.650001525878906,36.9900016784668,36.2599983215332,36.349998474121094,25.396251678466797,15540300,MRK
2009-12-09,36.29999923706055,37.22999954223633,36.099998474121094,37.150001525878906,25.95519256591797,17759100,MRK
2009-12-10,37.40999984741211,37.91999816894531,37.38999938964844,37.540000915527344,26.227663040161133,14634200,MRK
2009-12-11,37.380001068115234,37.380001068115234,36.869998931884766,37.06999969482422,26.164146423339844,13743100,MRK
2009-12-14,37.27000045776367,37.79999923706055,37.27000045776367,37.77000045776367,26.658201217651367,12386700,MRK
2009-12-15,37.66999816894531,38.0,37.27000045776367,38.0,26.820539474487305,12877000,MRK
2009-12-16,38.02000045776367,38.099998474121094,37.52000045776367,37.75,26.644086837768555,16675800,MRK
2009-12-17,37.75,37.849998474121094,37.2599983215332,37.279998779296875,26.312360763549805,18543400,MRK
2009-12-18,37.36000061035156,37.790000915527344,37.20000076293945,37.400001525878906,26.39705467224121,25423300,MRK
2009-12-21,37.47999954223633,38.41999816894531,37.470001220703125,37.689998626708984,26.601747512817383,14787300,MRK
2009-12-22,37.790000915527344,37.97999954223633,37.54999923706055,37.75,26.644086837768555,14094800,MRK
2009-12-23,37.86000061035156,37.86000061035156,37.13999938964844,37.25,26.29118537902832,12746700,MRK
2009-12-24,37.13999938964844,37.13999938964844,36.7599983215332,36.9900016784668,26.107675552368164,6285200,MRK
2009-12-28,36.9900016784668,37.380001068115234,36.790000915527344,37.290000915527344,26.319412231445312,9965300,MRK
2009-12-29,37.130001068115234,37.5,37.06999969482422,37.099998474121094,26.185317993164062,7508600,MRK
2009-12-30,36.880001068115234,37.189998626708984,36.810001373291016,37.060001373291016,26.157079696655273,9387600,MRK
2009-12-31,36.79999923706055,37.06999969482422,36.5,36.540000915527344,25.790067672729492,7064000,MRK
2010-01-04,36.81999969482422,37.25,36.54999923706055,37.0099983215332,26.121793746948242,13896500,MRK
2010-01-05,37.29999923706055,37.45000076293945,36.93000030517578,37.15999984741211,26.2276611328125,14744800,MRK
2010-01-06,37.209999084472656,37.72999954223633,36.900001525878906,37.65999984741211,26.580570220947266,15239900,MRK
2010-01-07,37.470001220703125,37.900001525878906,37.400001525878906,37.720001220703125,26.622913360595703,11916600,MRK
2010-01-08,37.869998931884766,37.88999938964844,37.43000030517578,37.70000076293945,26.608797073364258,10767100,MRK
2010-01-11,37.880001068115234,37.91999816894531,37.5,37.849998474121094,26.714664459228516,9581800,MRK
2010-01-12,37.81999969482422,37.9900016784668,37.31999969482422,37.54999923706055,26.502933502197266,10921700,MRK
2010-01-13,38.310001373291016,39.369998931884766,38.099998474121094,38.93000030517578,27.47694969177246,25375400,MRK
2010-01-14,39.2400016784668,40.119998931884766,39.099998474121094,39.9900016784668,28.225093841552734,22024300,MRK
2010-01-15,39.97999954223633,40.27000045776367,39.0099983215332,39.470001220703125,27.858078002929688,20853300,MRK
2010-01-19,39.54999923706055,40.84000015258789,39.439998626708984,40.619998931884766,28.66974449157715,19950700,MRK
2010-01-20,40.63999938964844,41.150001525878906,39.970001220703125,41.029998779296875,28.959121704101562,20842700,MRK
2010-01-21,41.08000183105469,41.560001373291016,40.04999923706055,40.08000183105469,28.28861427307129,25575400,MRK
2010-01-22,39.900001525878906,40.290000915527344,38.77000045776367,38.869998931884766,27.434589385986328,17463600,MRK
2010-01-25,39.279998779296875,39.7400016784668,38.720001220703125,38.7599983215332,27.356948852539062,15377900,MRK
2010-01-26,38.5,38.95000076293945,38.15999984741211,38.58000183105469,27.22990608215332,19863700,MRK
2010-01-27,38.4900016784668,38.779998779296875,37.959999084472656,38.63999938964844,27.272247314453125,17483100,MRK
2010-01-28,38.7400016784668,38.939998626708984,37.939998626708984,37.970001220703125,26.799360275268555,13366600,MRK
2010-01-29,38.2599983215332,39.0099983215332,37.65999984741211,38.18000030517578,26.947586059570312,16119900,MRK
2010-02-01,38.560001373291016,38.630001068115234,38.06999969482422,38.29999923706055,27.032285690307617,9223900,MRK
2010-02-02,38.36000061035156,39.720001220703125,38.099998474121094,39.540000915527344,27.907480239868164,15131000,MRK
2010-02-03,39.400001525878906,39.41999816894531,38.470001220703125,38.720001220703125,27.32872200012207,17466900,MRK
2010-02-04,38.38999938964844,38.5099983215332,36.81999969482422,37.099998474121094,26.185317993164062,25331400,MRK
2010-02-05,37.04999923706055,37.08000183105469,35.81999969482422,36.72999954223633,25.92416763305664,22972300,MRK
2010-02-08,36.58000183105469,37.08000183105469,36.220001220703125,36.59000015258789,25.825359344482422,10215600,MRK
2010-02-09,36.93000030517578,37.16999816894531,36.31999969482422,36.470001220703125,25.74066162109375,17143000,MRK
2010-02-10,36.5,36.689998626708984,35.7599983215332,36.20000076293945,25.550085067749023,16820500,MRK
2010-02-11,36.220001220703125,37.0,35.869998931884766,36.880001068115234,26.030033111572266,14430800,MRK
2010-02-12,36.630001068115234,37.150001525878906,36.09000015258789,36.91999816894531,26.05827522277832,17907400,MRK
2010-02-16,37.720001220703125,38.18000030517578,37.2599983215332,37.65999984741211,26.580570220947266,20771900,MRK
2010-02-17,37.72999954223633,37.91999816894531,37.15999984741211,37.34000015258789,26.35471534729004,11960800,MRK
2010-02-18,37.279998779296875,37.5,37.029998779296875,37.290000915527344,26.319412231445312,12349800,MRK
2010-02-19,37.22999954223633,37.630001068115234,37.150001525878906,37.4900016784668,26.4605770111084,12408400,MRK
2010-02-22,37.86000061035156,37.86000061035156,36.599998474121094,37.119998931884766,26.199432373046875,17577400,MRK
2010-02-23,36.900001525878906,37.13999938964844,36.400001525878906,36.5099983215332,25.768892288208008,15934800,MRK
2010-02-24,36.70000076293945,37.040000915527344,36.27000045776367,36.93000030517578,26.065332412719727,17093500,MRK
2010-02-25,36.439998626708984,36.65999984741211,36.04999923706055,36.56999969482422,25.811235427856445,17036500,MRK
2010-02-26,36.70000076293945,37.060001373291016,36.439998626708984,36.880001068115234,26.030033111572266,13168400,MRK
2010-03-01,37.029998779296875,37.43000030517578,37.029998779296875,37.27000045776367,26.3053035736084,11806400,MRK
2010-03-02,37.58000183105469,37.689998626708984,37.31999969482422,37.38999938964844,26.39000129699707,12254200,MRK
2010-03-03,37.689998626708984,37.849998474121094,37.099998474121094,37.209999084472656,26.26295280456543,12582900,MRK
2010-03-04,37.290000915527344,37.380001068115234,36.880001068115234,37.13999938964844,26.21354866027832,11852900,MRK
2010-03-05,37.220001220703125,37.560001373291016,36.93000030517578,37.4900016784668,26.4605770111084,9868800,MRK
2010-03-08,37.4900016784668,37.540000915527344,37.11000061035156,37.349998474121094,26.361770629882812,12047300,MRK
2010-03-09,37.209999084472656,37.29999923706055,36.83000183105469,37.040000915527344,26.14296531677246,14695800,MRK
2010-03-10,36.95000076293945,37.08000183105469,36.5,36.66999816894531,25.881818771362305,19425100,MRK
2010-03-11,36.349998474121094,36.95000076293945,36.099998474121094,36.880001068115234,26.30259895324707,15314100,MRK
2010-03-12,37.04999923706055,37.20000076293945,36.72999954223633,37.15999984741211,26.502300262451172,16386200,MRK
2010-03-15,37.040000915527344,37.79999923706055,37.0,37.75,26.92308235168457,17415900,MRK
2010-03-16,37.77000045776367,38.0,37.400001525878906,37.939998626708984,27.05859375,18309100,MRK
2010-03-17,37.9900016784668,38.099998474121094,37.56999969482422,38.08000183105469,27.158435821533203,12389300,MRK
2010-03-18,38.06999969482422,38.459999084472656,37.880001068115234,38.45000076293945,27.422311782836914,12497400,MRK
2010-03-19,38.060001373291016,38.84000015258789,37.849998474121094,38.060001373291016,27.144168853759766,30775700,MRK
2010-03-22,38.08000183105469,39.040000915527344,38.029998779296875,38.29999923706055,27.31534767150879,15473200,MRK
2010-03-23,38.56999969482422,38.75,38.25,38.5,27.457977294921875,12335100,MRK
2010-03-24,38.43000030517578,38.5099983215332,37.97999954223633,38.0099983215332,27.1085147857666,12338400,MRK
2010-03-25,38.33000183105469,38.34000015258789,37.7599983215332,37.779998779296875,26.94448471069336,13175600,MRK
2010-03-26,37.81999969482422,37.939998626708984,37.349998474121094,37.43000030517578,26.694868087768555,13501700,MRK
2010-03-29,37.58000183105469,38.0099983215332,37.58000183105469,37.88999938964844,27.022932052612305,11158300,MRK
2010-03-30,37.959999084472656,37.959999084472656,37.5099983215332,37.65999984741211,26.85890007019043,9921100,MRK
2010-03-31,37.4900016784668,37.59000015258789,37.060001373291016,37.349998474121094,26.637807846069336,12966400,MRK
2010-04-01,37.63999938964844,37.880001068115234,37.5,37.709999084472656,26.894563674926758,10135300,MRK
2010-04-05,37.939998626708984,37.970001220703125,37.33000183105469,37.38999938964844,26.666337966918945,10464500,MRK
2010-04-06,37.529998779296875,37.529998779296875,37.16999816894531,37.25,26.566482543945312,12274900,MRK
2010-04-07,37.380001068115234,37.40999984741211,36.560001373291016,36.790000915527344,26.238414764404297,18392100,MRK
2010-04-08,36.84000015258789,37.02000045776367,36.619998931884766,36.779998779296875,26.231287002563477,12330300,MRK
2010-04-09,36.79999923706055,37.25,36.779998779296875,36.970001220703125,26.36678695678711,10069600,MRK
2010-04-12,36.959999084472656,37.09000015258789,36.79999923706055,36.849998474121094,26.281208038330078,10663800,MRK
2010-04-13,36.689998626708984,36.93000030517578,36.58000183105469,36.70000076293945,26.17423439025879,11921700,MRK
2010-04-14,36.7400016784668,36.7400016784668,36.0099983215332,36.209999084472656,25.82476234436035,19975700,MRK
2010-04-15,36.220001220703125,36.5,35.959999084472656,36.040000915527344,25.70351791381836,20774000,MRK
2010-04-16,35.9900016784668,36.16999816894531,35.369998931884766,35.709999084472656,25.468162536621094,20588300,MRK
2010-04-19,35.68000030517578,35.97999954223633,35.290000915527344,35.900001525878906,25.60367202758789,12545800,MRK
2010-04-20,36.04999923706055,36.400001525878906,35.869998931884766,36.060001373291016,25.717790603637695,10152200,MRK
2010-04-21,36.09000015258789,36.18000030517578,34.70000076293945,34.7400016784668,24.776369094848633,37189900,MRK
2010-04-22,34.56999969482422,34.650001525878906,33.7599983215332,33.77000045776367,24.084571838378906,38224900,MRK
2010-04-23,33.84000015258789,35.7599983215332,33.540000915527344,35.459999084472656,25.289867401123047,41335100,MRK
2010-04-26,35.58000183105469,35.959999084472656,34.900001525878906,35.0,24.961803436279297,26595400,MRK
2010-04-27,34.849998474121094,35.47999954223633,34.40999984741211,34.47999954223633,24.5909423828125,19520700,MRK
2010-04-28,34.5,34.79999923706055,34.20000076293945,34.560001373291016,24.647993087768555,16879500,MRK
2010-04-29,34.97999954223633,35.61000061035156,34.97999954223633,35.25,25.140100479125977,18242800,MRK
2010-04-30,35.33000183105469,35.79999923706055,35.029998779296875,35.040000915527344,24.99032974243164,15721700,MRK
2010-05-03,35.290000915527344,35.43000030517578,35.040000915527344,35.27000045776367,25.154367446899414,12424800,MRK
2010-05-04,35.599998474121094,36.36000061035156,35.599998474121094,35.810001373291016,25.53948974609375,32438900,MRK
2010-05-05,35.41999816894531,35.77000045776367,34.900001525878906,35.59000015258789,25.382587432861328,21459600,MRK
2010-05-06,35.40999984741211,35.58000183105469,30.700000762939453,34.27000045776367,24.441165924072266,30769800,MRK
2010-05-07,33.90999984741211,34.220001220703125,32.95000076293945,33.4900016784668,23.884878158569336,26434900,MRK
2010-05-10,33.91999816894531,34.86000061035156,33.88999938964844,34.25,24.426898956298828,23437000,MRK
2010-05-11,33.349998474121094,34.11000061035156,33.029998779296875,33.5099983215332,23.899139404296875,24637200,MRK
2010-05-12,33.970001220703125,34.040000915527344,33.43000030517578,33.63999938964844,23.991851806640625,19086300,MRK
2010-05-13,33.68000030517578,33.75,33.11000061035156,33.310001373291016,23.756502151489258,14651100,MRK
2010-05-14,33.349998474121094,33.349998474121094,32.68000030517578,32.880001068115234,23.4498291015625,21104600,MRK
2010-05-17,32.91999816894531,33.060001373291016,32.18000030517578,32.779998779296875,23.378511428833008,15406700,MRK
2010-05-18,32.970001220703125,33.0,32.29999923706055,32.349998474121094,23.071836471557617,18287400,MRK
2010-05-19,32.20000076293945,32.900001525878906,32.06999969482422,32.619998931884766,23.2643985748291,21175700,MRK
2010-05-20,32.22999954223633,32.54999923706055,31.75,31.81999969482422,22.6938419342041,24695800,MRK
2010-05-21,31.200000762939453,32.150001525878906,31.040000915527344,32.040000915527344,22.85074806213379,25497800,MRK
2010-05-24,31.8700008392334,32.310001373291016,31.610000610351562,31.860000610351562,22.722368240356445,13292000,MRK
2010-05-25,31.299999237060547,32.08000183105469,31.100000381469727,32.060001373291016,22.865013122558594,20686800,MRK
2010-05-26,31.979999542236328,32.849998474121094,31.84000015258789,32.41999816894531,23.12175941467285,26258400,MRK
2010-05-27,32.91999816894531,33.66999816894531,32.779998779296875,33.619998931884766,23.97758674621582,30581200,MRK
2010-05-28,33.63999938964844,34.119998931884766,33.5,33.689998626708984,24.027511596679688,24992800,MRK
2010-06-01,33.43000030517578,34.02000045776367,33.310001373291016,33.529998779296875,23.913402557373047,20759600,MRK
2010-06-02,33.630001068115234,34.380001068115234,33.529998779296875,34.36000061035156,24.50535011291504,16194200,MRK
2010-06-03,34.43000030517578,34.560001373291016,33.9900016784668,34.290000915527344,24.45543670654297,13110100,MRK
2010-06-04,33.849998474121094,33.91999816894531,32.9900016784668,33.16999816894531,23.65665054321289,18204500,MRK
2010-06-07,33.189998626708984,33.52000045776367,33.099998474121094,33.310001373291016,23.756502151489258,14131000,MRK
2010-06-08,33.40999984741211,33.869998931884766,33.099998474121094,33.810001373291016,24.113096237182617,15480900,MRK
2010-06-09,33.86000061035156,34.130001068115234,33.4900016784668,33.709999084472656,24.041778564453125,12847100,MRK
2010-06-10,34.13999938964844,34.779998779296875,33.9900016784668,34.650001525878906,24.71217918395996,18714600,MRK
2010-06-11,34.349998474121094,35.099998474121094,34.22999954223633,34.86000061035156,25.137636184692383,18120100,MRK
2010-06-14,35.04999923706055,35.25,34.95000076293945,35.02000045776367,25.253013610839844,13656300,MRK
2010-06-15,35.08000183105469,36.04999923706055,35.029998779296875,36.02000045776367,25.974117279052734,21903300,MRK
2010-06-16,35.709999084472656,36.18000030517578,35.70000076293945,36.0099983215332,25.966901779174805,17335300,MRK
2010-06-17,36.13999938964844,36.25,35.29999923706055,35.86000061035156,25.858736038208008,17888700,MRK
2010-06-18,35.900001525878906,36.0,35.47999954223633,35.66999816894531,25.721723556518555,19639800,MRK
2010-06-21,36.040000915527344,36.150001525878906,34.90999984741211,35.119998931884766,25.325115203857422,15570600,MRK
2010-06-22,35.189998626708984,35.720001220703125,35.06999969482422,35.130001068115234,25.332332611083984,16399900,MRK
2010-06-23,35.20000076293945,35.65999984741211,34.93000030517578,35.41999816894531,25.541444778442383,13000600,MRK
2010-06-24,35.18000030517578,35.70000076293945,35.16999816894531,35.61000061035156,25.678462982177734,16429000,MRK
2010-06-25,35.599998474121094,36.150001525878906,35.279998779296875,35.93000030517578,25.909215927124023,33873000,MRK
2010-06-28,36.130001068115234,36.13999938964844,35.56999969482422,35.939998626708984,25.916419982910156,13744600,MRK
2010-06-29,35.54999923706055,35.79999923706055,35.0,35.43000030517578,25.54865837097168,22864700,MRK
2010-06-30,35.31999969482422,35.34000015258789,34.75,34.970001220703125,25.216955184936523,21201100,MRK
2010-07-01,34.83000183105469,34.88999938964844,33.650001525878906,34.439998626708984,24.83477020263672,25587200,MRK
2010-07-02,34.459999084472656,34.5,33.650001525878906,34.220001220703125,24.676130294799805,16993500,MRK
2010-07-06,34.279998779296875,34.689998626708984,34.04999923706055,34.650001525878906,24.98619842529297,14914500,MRK
2010-07-07,34.77000045776367,35.459999084472656,34.41999816894531,35.43000030517578,25.54865837097168,16889200,MRK
2010-07-08,35.869998931884766,35.869998931884766,35.33000183105469,35.86000061035156,25.858736038208008,15567200,MRK
2010-07-09,35.90999984741211,36.400001525878906,35.720001220703125,36.29999923706055,26.1760196685791,11993400,MRK
2010-07-12,36.20000076293945,36.2400016784668,35.84000015258789,36.09000015258789,26.02459144592285,12617600,MRK
2010-07-13,36.130001068115234,36.70000076293945,36.029998779296875,36.45000076293945,26.28418731689453,12904100,MRK
2010-07-14,36.209999084472656,36.369998931884766,35.83000183105469,36.20000076293945,26.103900909423828,11199100,MRK
2010-07-15,36.25,36.560001373291016,35.900001525878906,36.4900016784668,26.313026428222656,10991100,MRK
2010-07-16,36.529998779296875,36.79999923706055,35.880001068115234,35.90999984741211,25.894792556762695,16579000,MRK
2010-07-19,35.939998626708984,36.11000061035156,35.689998626708984,35.79999923706055,25.815467834472656,10118500,MRK
2010-07-20,35.52000045776367,35.65999984741211,35.20000076293945,35.65999984741211,25.71451187133789,14011700,MRK
2010-07-21,35.47999954223633,35.689998626708984,34.97999954223633,35.189998626708984,25.375593185424805,12814400,MRK
2010-07-22,35.36000061035156,35.52000045776367,35.0,35.18000030517578,25.368389129638672,15728000,MRK
2010-07-23,35.16999816894531,35.16999816894531,34.40999984741211,34.869998931884766,25.14484214782715,15679200,MRK
2010-07-26,35.0,35.29999923706055,34.810001373291016,35.27000045776367,25.433290481567383,9634500,MRK
2010-07-27,35.31999969482422,35.59000015258789,35.0,35.18000030517578,25.368389129638672,12677300,MRK
2010-07-28,35.13999938964844,35.40999984741211,34.619998931884766,34.7400016784668,25.051101684570312,9709800,MRK
2010-07-29,35.0,35.29999923706055,34.599998474121094,35.060001373291016,25.281850814819336,14571300,MRK
2010-07-30,34.349998474121094,34.630001068115234,33.81999969482422,34.459999084472656,24.84918785095215,21722000,MRK
2010-08-02,34.86000061035156,35.119998931884766,34.54999923706055,35.06999969482422,25.289064407348633,12106900,MRK
2010-08-03,35.099998474121094,35.25,34.47999954223633,34.81999969482422,25.10878562927246,14582200,MRK
2010-08-04,34.779998779296875,35.25,34.54999923706055,35.189998626708984,25.375593185424805,13133600,MRK
2010-08-05,35.0,35.15999984741211,34.70000076293945,35.06999969482422,25.289064407348633,10062700,MRK
2010-08-06,34.81999969482422,35.0,34.5,34.97999954223633,25.224166870117188,11658800,MRK
2010-08-09,35.060001373291016,35.439998626708984,35.060001373291016,35.36000061035156,25.49818992614746,10302000,MRK
2010-08-10,35.20000076293945,35.9900016784668,34.81999969482422,35.77000045776367,25.793846130371094,11864700,MRK
2010-08-11,35.310001373291016,35.5,34.81999969482422,34.88999938964844,25.15926170349121,12442100,MRK
2010-08-12,34.650001525878906,35.25,34.599998474121094,35.040000915527344,25.267433166503906,9157900,MRK
2010-08-13,34.79999923706055,35.150001525878906,34.650001525878906,35.0,25.238590240478516,8752200,MRK
2010-08-16,34.77000045776367,35.0,34.59000015258789,34.970001220703125,25.216955184936523,6886500,MRK
2010-08-17,35.189998626708984,35.619998931884766,34.939998626708984,35.540000915527344,25.627979278564453,10677000,MRK
2010-08-18,35.4900016784668,35.59000015258789,35.029998779296875,35.369998931884766,25.50539779663086,9132800,MRK
2010-08-19,35.29999923706055,35.34000015258789,34.5,34.709999084472656,25.029470443725586,11508900,MRK
2010-08-20,34.54999923706055,34.689998626708984,34.25,34.439998626708984,24.83477020263672,12197400,MRK
2010-08-23,34.70000076293945,35.220001220703125,34.560001373291016,34.970001220703125,25.216955184936523,9976600,MRK
2010-08-24,34.7599983215332,34.79999923706055,34.16999816894531,34.439998626708984,24.83477020263672,11259200,MRK
2010-08-25,34.41999816894531,34.720001220703125,34.02000045776367,34.540000915527344,24.906883239746094,10605800,MRK
2010-08-26,34.560001373291016,34.70000076293945,34.279998779296875,34.47999954223633,24.863616943359375,8495300,MRK
2010-08-27,34.630001068115234,35.11000061035156,34.31999969482422,35.0,25.238590240478516,9546100,MRK
2010-08-30,34.91999816894531,35.209999084472656,34.720001220703125,34.72999954223633,25.04388999938965,6774300,MRK
2010-08-31,34.65999984741211,35.36000061035156,34.5099983215332,35.15999984741211,25.35396385192871,16583200,MRK
2010-09-01,35.380001068115234,35.7599983215332,35.27000045776367,35.619998931884766,25.685672760009766,13057700,MRK
2010-09-02,35.689998626708984,35.77000045776367,34.52000045776367,35.349998474121094,25.4909725189209,11566300,MRK
2010-09-03,35.72999954223633,35.84000015258789,35.279998779296875,35.59000015258789,25.664039611816406,11498000,MRK
2010-09-07,35.77000045776367,35.77000045776367,35.40999984741211,35.459999084472656,25.570293426513672,25332300,MRK
2010-09-08,35.349998474121094,36.0,35.34000015258789,35.810001373291016,25.822683334350586,22144800,MRK
2010-09-09,35.9900016784668,36.22999954223633,35.790000915527344,36.08000183105469,26.01737403869629,11564500,MRK
2010-09-10,36.13999938964844,36.709999084472656,36.119998931884766,36.650001525878906,26.42840576171875,11222000,MRK
2010-09-13,36.619998931884766,36.619998931884766,36.0,36.220001220703125,26.391977310180664,10928600,MRK
2010-09-14,36.099998474121094,36.70000076293945,36.060001373291016,36.52000045776367,26.610567092895508,12851200,MRK
2010-09-15,36.52000045776367,36.869998931884766,36.2400016784668,36.5099983215332,26.60328483581543,11491300,MRK
2010-09-16,36.4900016784668,36.61000061035156,36.20000076293945,36.43000030517578,26.544994354248047,9089700,MRK
2010-09-17,36.5,36.84000015258789,36.15999984741211,36.33000183105469,26.472124099731445,16399400,MRK
2010-09-20,36.36000061035156,36.63999938964844,36.22999954223633,36.540000915527344,26.62514305114746,10523800,MRK
2010-09-21,36.540000915527344,36.939998626708984,36.369998931884766,36.720001220703125,26.756305694580078,12252900,MRK
2010-09-22,36.709999084472656,37.04999923706055,36.630001068115234,36.959999084472656,26.931180953979492,12397700,MRK
2010-09-23,36.66999816894531,36.9900016784668,36.52000045776367,36.65999984741211,26.712581634521484,10602600,MRK
2010-09-24,36.81999969482422,37.38999938964844,36.72999954223633,37.34000015258789,27.208072662353516,11636500,MRK
2010-09-27,37.40999984741211,37.47999954223633,37.130001068115234,37.130001068115234,27.0550479888916,11061800,MRK
2010-09-28,37.290000915527344,37.47999954223633,37.02000045776367,37.25,27.142492294311523,12722600,MRK
2010-09-29,37.099998474121094,37.2599983215332,36.86000061035156,37.119998931884766,27.047765731811523,9451200,MRK
2010-09-30,37.209999084472656,37.58000183105469,36.63999938964844,36.810001373291016,26.821880340576172,13696000,MRK
2010-10-01,36.7599983215332,36.84000015258789,36.349998474121094,36.599998474121094,26.668861389160156,11741900,MRK
2010-10-04,36.4900016784668,36.75,36.290000915527344,36.52000045776367,26.610567092895508,9234900,MRK
2010-10-05,36.86000061035156,37.150001525878906,36.70000076293945,37.02000045776367,26.974897384643555,10669200,MRK
2010-10-06,37.040000915527344,37.220001220703125,36.81999969482422,37.0099983215332,26.967618942260742,7541300,MRK
2010-10-07,37.349998474121094,37.38999938964844,36.630001068115234,36.709999084472656,26.749013900756836,13897800,MRK
2010-10-08,36.81999969482422,36.9900016784668,36.61000061035156,36.90999984741211,26.894746780395508,8680800,MRK
2010-10-11,36.86000061035156,37.0,36.66999816894531,36.86000061035156,26.858314514160156,5576200,MRK
2010-10-12,36.66999816894531,36.81999969482422,36.31999969482422,36.63999938964844,26.698013305664062,11040400,MRK
2010-10-13,36.86000061035156,37.38999938964844,36.779998779296875,37.15999984741211,27.076906204223633,9762300,MRK
2010-10-14,37.27000045776367,37.380001068115234,36.84000015258789,37.150001525878906,27.069629669189453,9544400,MRK
2010-10-15,37.27000045776367,37.439998626708984,36.7599983215332,36.95000076293945,26.92388916015625,15025400,MRK
2010-10-18,36.90999984741211,37.2400016784668,36.90999984741211,37.22999954223633,27.12791633605957,10601100,MRK
2010-10-19,37.0,37.04999923706055,36.310001373291016,36.52000045776367,26.610567092895508,10372100,MRK
2010-10-20,36.61000061035156,37.25,36.56999969482422,36.9900016784668,26.953039169311523,9669300,MRK
2010-10-21,37.099998474121094,37.150001525878906,36.58000183105469,37.099998474121094,27.03319549560547,10373000,MRK
2010-10-22,37.06999969482422,37.150001525878906,36.95000076293945,37.099998474121094,27.03319549560547,6330600,MRK
2010-10-25,37.29999923706055,37.68000030517578,37.290000915527344,37.41999816894531,27.2663631439209,10656000,MRK
2010-10-26,37.310001373291016,37.33000183105469,36.88999938964844,37.06999969482422,27.01133918762207,7103400,MRK
2010-10-27,36.880001068115234,36.880001068115234,36.130001068115234,36.459999084472656,26.56685447692871,12119400,MRK
2010-10-28,36.66999816894531,37.060001373291016,36.65999984741211,36.939998626708984,26.916603088378906,9870300,MRK
2010-10-29,36.72999954223633,36.7400016784668,36.02000045776367,36.310001373291016,26.457555770874023,15230600,MRK
2010-11-01,36.439998626708984,36.72999954223633,35.97999954223633,36.25,26.41382598876953,9667500,MRK
2010-11-02,36.56999969482422,36.86000061035156,36.5099983215332,36.61000061035156,26.676156997680664,9983600,MRK
2010-11-03,36.72999954223633,36.77000045776367,36.040000915527344,36.5099983215332,26.60328483581543,9510200,MRK
2010-11-04,36.86000061035156,36.95000076293945,36.439998626708984,36.650001525878906,26.705299377441406,11861100,MRK
2010-11-05,36.66999816894531,36.7400016784668,35.41999816894531,35.70000076293945,26.013065338134766,22503000,MRK
2010-11-08,35.650001525878906,35.810001373291016,35.56999969482422,35.619998931884766,25.95478057861328,13687200,MRK
2010-11-09,35.54999923706055,35.7400016784668,34.97999954223633,35.04999923706055,25.539443969726562,21298600,MRK
2010-11-10,35.04999923706055,35.18000030517578,34.779998779296875,34.959999084472656,25.473867416381836,19067000,MRK
2010-11-11,34.900001525878906,35.40999984741211,34.849998474121094,35.209999084472656,25.656028747558594,14115400,MRK
2010-11-12,35.040000915527344,35.060001373291016,34.38999938964844,34.709999084472656,25.291704177856445,23756300,MRK
2010-11-15,34.709999084472656,34.959999084472656,34.52000045776367,34.540000915527344,25.167831420898438,13112400,MRK
2010-11-16,34.310001373291016,34.439998626708984,33.939998626708984,34.099998474121094,24.847209930419922,22033600,MRK
2010-11-17,34.810001373291016,35.650001525878906,34.45000076293945,34.470001220703125,25.116819381713867,20032200,MRK
2010-11-18,35.13999938964844,35.34000015258789,34.849998474121094,35.290000915527344,25.71432113647461,15665700,MRK
2010-11-19,35.29999923706055,35.36000061035156,34.91999816894531,35.33000183105469,25.743471145629883,15625100,MRK
2010-11-22,35.4900016784668,35.63999938964844,35.18000030517578,35.59000015258789,25.932918548583984,14557300,MRK
2010-11-23,35.34000015258789,35.380001068115234,34.709999084472656,34.810001373291016,25.364564895629883,18337000,MRK
2010-11-24,34.81999969482422,35.16999816894531,34.810001373291016,35.150001525878906,25.6123104095459,10670700,MRK
2010-11-26,34.52000045776367,34.88999938964844,34.5,34.790000915527344,25.34999656677246,7114600,MRK
2010-11-29,34.58000183105469,34.7400016784668,34.290000915527344,34.689998626708984,25.27712631225586,13327500,MRK
2010-11-30,34.45000076293945,34.689998626708984,34.31999969482422,34.470001220703125,25.116819381713867,38686500,MRK
2010-12-01,34.75,35.119998931884766,34.66999816894531,35.060001373291016,25.546724319458008,33120800,MRK
2010-12-02,35.15999984741211,35.36000061035156,35.0099983215332,35.220001220703125,25.663314819335938,37694900,MRK
2010-12-03,35.290000915527344,35.31999969482422,35.02000045776367,35.29999923706055,25.72161293029785,10832800,MRK
2010-12-06,35.29999923706055,35.349998474121094,35.04999923706055,35.25,25.685178756713867,10664200,MRK
2010-12-07,35.470001220703125,35.619998931884766,35.25,35.369998931884766,25.772619247436523,18210300,MRK
2010-12-08,35.34000015258789,35.529998779296875,35.20000076293945,35.400001525878906,25.794475555419922,8542700,MRK
2010-12-09,35.5,35.66999816894531,35.2599983215332,35.66999816894531,25.991209030151367,8817800,MRK
2010-12-10,35.70000076293945,36.0,35.5,35.9900016784668,26.224388122558594,12012000,MRK
2010-12-13,35.84000015258789,36.22999954223633,35.70000076293945,36.099998474121094,26.585235595703125,18815200,MRK
2010-12-14,36.20000076293945,36.7599983215332,36.11000061035156,36.54999923706055,26.916629791259766,16472200,MRK
2010-12-15,36.400001525878906,36.9900016784668,36.400001525878906,36.65999984741211,26.997636795043945,15233000,MRK
2010-12-16,36.59000015258789,36.880001068115234,36.400001525878906,36.84000015258789,27.130197525024414,9999500,MRK
2010-12-17,36.63999938964844,36.79999923706055,36.119998931884766,36.47999954223633,26.865079879760742,18735100,MRK
2010-12-20,36.65999984741211,36.66999816894531,36.369998931884766,36.5,26.879806518554688,10721500,MRK
2010-12-21,36.66999816894531,36.689998626708984,36.15999984741211,36.18000030517578,26.64415740966797,9954200,MRK
2010-12-22,36.22999954223633,36.380001068115234,36.099998474121094,36.220001220703125,26.67361068725586,8629100,MRK
2010-12-23,36.25,36.58000183105469,36.220001220703125,36.290000915527344,26.725154876708984,7245100,MRK
2010-12-27,36.13999938964844,36.349998474121094,36.04999923706055,36.22999954223633,26.68096923828125,4339800,MRK
2010-12-28,36.369998931884766,36.439998626708984,36.099998474121094,36.20000076293945,26.658878326416016,5419700,MRK
2010-12-29,36.25,36.349998474121094,36.16999816894531,36.209999084472656,26.666240692138672,5003000,MRK
2010-12-30,36.11000061035156,36.20000076293945,35.970001220703125,36.0099983215332,26.518957138061523,5113700,MRK
2010-12-31,35.959999084472656,36.25,35.93000030517578,36.040000915527344,26.541046142578125,5491800,MRK
2011-01-03,36.290000915527344,36.779998779296875,35.9900016784668,36.040000915527344,26.541046142578125,19559500,MRK
2011-01-04,36.2400016784668,36.400001525878906,35.849998474121094,36.349998474121094,26.769336700439453,13926100,MRK
2011-01-05,36.040000915527344,36.58000183105469,36.0,36.560001373291016,26.923999786376953,14520300,MRK
2011-01-06,36.560001373291016,37.13999938964844,36.560001373291016,37.060001373291016,27.29220962524414,11990300,MRK
2011-01-07,37.16999816894531,37.349998474121094,36.86000061035156,37.349998474121094,27.505767822265625,12753500,MRK
2011-01-10,37.2599983215332,37.619998931884766,37.15999984741211,37.20000076293945,27.39530372619629,10723700,MRK
2011-01-11,37.2400016784668,37.31999969482422,36.70000076293945,36.95000076293945,27.211204528808594,10234600,MRK
2011-01-12,37.20000076293945,37.2400016784668,36.91999816894531,37.150001525878906,27.358495712280273,12888900,MRK
2011-01-13,35.59000015258789,35.779998779296875,34.5099983215332,34.689998626708984,25.546865463256836,74294400,MRK
2011-01-14,34.630001068115234,34.75,34.119998931884766,34.22999954223633,25.208106994628906,41751400,MRK
2011-01-18,34.06999969482422,34.29999923706055,33.47999954223633,33.869998931884766,24.94298553466797,58975000,MRK
2011-01-19,34.119998931884766,34.150001525878906,33.70000076293945,33.90999984741211,24.97244644165039,29746600,MRK
2011-01-20,33.79999923706055,34.13999938964844,33.720001220703125,34.04999923706055,25.07554054260254,21608000,MRK
2011-01-21,34.18000030517578,34.220001220703125,33.880001068115234,33.900001525878906,24.965085983276367,20782300,MRK
2011-01-24,33.9900016784668,33.9900016784668,33.77000045776367,33.79999923706055,24.891441345214844,19633500,MRK
2011-01-25,33.77000045776367,33.849998474121094,33.290000915527344,33.36000061035156,24.567407608032227,32620000,MRK
2011-01-26,33.40999984741211,33.72999954223633,33.18000030517578,33.20000076293945,24.449581146240234,26162400,MRK
2011-01-27,33.349998474121094,33.43000030517578,33.2400016784668,33.25,24.48639488220215,15474900,MRK
2011-01-28,33.4900016784668,33.529998779296875,33.0,33.06999969482422,24.353839874267578,16151900,MRK
2011-01-31,33.290000915527344,33.29999923706055,33.06999969482422,33.16999816894531,24.427480697631836,14156900,MRK
2011-02-01,33.34000015258789,34.040000915527344,32.900001525878906,34.0,25.038724899291992,21406500,MRK
2011-02-02,33.900001525878906,34.029998779296875,33.599998474121094,33.81999969482422,24.906166076660156,13791500,MRK
2011-02-03,32.9900016784668,33.09000015258789,32.5099983215332,32.900001525878906,24.228654861450195,40238900,MRK
2011-02-04,32.88999938964844,33.119998931884766,32.779998779296875,32.88999938964844,24.221282958984375,25272800,MRK
2011-02-07,32.939998626708984,33.029998779296875,32.7400016784668,33.0,24.302291870117188,14480300,MRK
2011-02-08,33.150001525878906,33.29999923706055,33.04999923706055,33.27000045776367,24.501127243041992,11868200,MRK
2011-02-09,33.22999954223633,33.290000915527344,32.91999816894531,33.09000015258789,24.36857032775879,14152300,MRK
2011-02-10,33.119998931884766,33.13999938964844,32.88999938964844,33.040000915527344,24.33174705505371,10835300,MRK
2011-02-11,32.970001220703125,33.130001068115234,32.86000061035156,33.06999969482422,24.353839874267578,10684000,MRK
2011-02-14,32.970001220703125,33.02000045776367,32.75,32.81999969482422,24.16973304748535,12422700,MRK
2011-02-15,32.79999923706055,32.81999969482422,32.650001525878906,32.790000915527344,24.147640228271484,16951200,MRK
2011-02-16,32.7400016784668,33.189998626708984,32.68000030517578,32.959999084472656,24.2728328704834,14082200,MRK
2011-02-17,32.959999084472656,33.150001525878906,32.70000076293945,33.099998474121094,24.375932693481445,10950000,MRK
2011-02-18,33.060001373291016,33.209999084472656,32.79999923706055,32.849998474121094,24.191823959350586,17023300,MRK
2011-02-22,32.75,32.79999923706055,32.2599983215332,32.34000015258789,23.816247940063477,17757800,MRK
2011-02-23,32.52000045776367,32.61000061035156,32.040000915527344,32.09000015258789,23.632137298583984,16776200,MRK
2011-02-24,32.08000183105469,32.15999984741211,31.850000381469727,32.029998779296875,23.587953567504883,13942900,MRK
2011-02-25,32.060001373291016,32.2599983215332,32.0,32.189998626708984,23.705781936645508,8972500,MRK
2011-02-28,32.20000076293945,32.61000061035156,32.189998626708984,32.56999969482422,23.985626220703125,16670700,MRK
2011-03-01,32.599998474121094,32.97999954223633,32.439998626708984,32.459999084472656,23.904621124267578,22146000,MRK
2011-03-02,32.45000076293945,32.689998626708984,32.29999923706055,32.58000183105469,23.992990493774414,12424500,MRK
2011-03-03,32.66999816894531,33.25,32.619998931884766,33.099998474121094,24.375932693481445,37959400,MRK
2011-03-04,33.150001525878906,33.36000061035156,32.84000015258789,33.060001373291016,24.346477508544922,38800800,MRK
2011-03-07,33.0,33.060001373291016,32.720001220703125,32.83000183105469,24.177099227905273,38542000,MRK
2011-03-08,32.97999954223633,33.09000015258789,32.81999969482422,32.97999954223633,24.287569046020508,11549400,MRK
2011-03-09,32.90999984741211,33.47999954223633,32.90999984741211,33.290000915527344,24.51586151123047,13601000,MRK
2011-03-10,33.209999084472656,33.2599983215332,32.84000015258789,32.900001525878906,24.228654861450195,15329300,MRK
2011-03-11,32.470001220703125,32.90999984741211,32.470001220703125,32.72999954223633,24.385107040405273,12258300,MRK
2011-03-14,32.5,32.599998474121094,32.25,32.380001068115234,24.12434959411621,13789600,MRK
2011-03-15,31.829999923706055,32.040000915527344,31.709999084472656,31.860000610351562,23.73691749572754,16131300,MRK
2011-03-16,31.799999237060547,31.860000610351562,31.059999465942383,31.079999923706055,23.155790328979492,23150900,MRK
2011-03-17,31.260000228881836,31.6200008392334,31.15999984741211,31.440000534057617,23.424007415771484,13708600,MRK
2011-03-18,31.780000686645508,31.979999542236328,31.65999984741211,31.90999984741211,23.774169921875,19479800,MRK
2011-03-21,32.09000015258789,32.58000183105469,32.040000915527344,32.38999938964844,24.131792068481445,15263200,MRK
2011-03-22,32.52000045776367,32.7599983215332,32.459999084472656,32.529998779296875,24.236099243164062,16482100,MRK
2011-03-23,32.5,32.66999816894531,32.40999984741211,32.630001068115234,24.31060028076172,12314400,MRK
2011-03-24,32.83000183105469,32.900001525878906,32.540000915527344,32.720001220703125,24.37765121459961,11484200,MRK
2011-03-25,32.720001220703125,32.900001525878906,32.540000915527344,32.56999969482422,24.265897750854492,10559200,MRK
2011-03-28,32.540000915527344,32.650001525878906,32.38999938964844,32.45000076293945,24.176490783691406,9056800,MRK
2011-03-29,32.4900016784668,32.79999923706055,32.41999816894531,32.779998779296875,24.42235565185547,9921600,MRK
2011-03-30,33.029998779296875,33.47999954223633,33.0099983215332,33.29999923706055,24.80978012084961,17249100,MRK
2011-03-31,33.06999969482422,33.380001068115234,33.0,33.0099983215332,24.59371566772461,12613000,MRK
2011-04-01,33.04999923706055,33.25,33.0,33.06999969482422,24.638410568237305,11444000,MRK
2011-04-04,33.34000015258789,33.369998931884766,33.209999084472656,33.27000045776367,24.787424087524414,11518000,MRK
2011-04-05,33.13999938964844,33.22999954223633,33.0099983215332,33.15999984741211,24.705472946166992,9242300,MRK
2011-04-06,33.279998779296875,33.45000076293945,33.150001525878906,33.349998474121094,24.84702491760254,13041900,MRK
2011-04-07,33.43000030517578,33.43000030517578,33.060001373291016,33.33000183105469,24.83213233947754,12575100,MRK
2011-04-08,33.5,33.70000076293945,33.400001525878906,33.66999816894531,25.0854434967041,18385100,MRK
2011-04-11,33.68000030517578,33.849998474121094,33.5099983215332,33.59000015258789,25.02583885192871,11182600,MRK
2011-04-12,33.41999816894531,33.77000045776367,33.38999938964844,33.560001373291016,25.00349235534668,14580200,MRK
2011-04-13,33.619998931884766,33.650001525878906,33.369998931884766,33.470001220703125,24.936437606811523,7823900,MRK
2011-04-14,33.34000015258789,34.040000915527344,33.27000045776367,33.86000061035156,25.22699737548828,15020000,MRK
2011-04-15,34.900001525878906,34.970001220703125,34.45000076293945,34.5099983215332,25.711275100708008,36904800,MRK
2011-04-18,34.20000076293945,34.290000915527344,33.849998474121094,33.93000030517578,25.279151916503906,17788700,MRK
2011-04-19,33.939998626708984,34.11000061035156,33.52000045776367,33.75,25.14504623413086,15193200,MRK
2011-04-20,34.06999969482422,34.22999954223633,33.95000076293945,34.040000915527344,25.361099243164062,14220700,MRK
2011-04-21,34.27000045776367,34.290000915527344,33.959999084472656,34.040000915527344,25.361099243164062,15809000,MRK
2011-04-25,33.70000076293945,34.400001525878906,33.630001068115234,34.33000183105469,25.57716178894043,9626200,MRK
2011-04-26,34.439998626708984,35.15999984741211,34.38999938964844,35.060001373291016,26.121042251586914,21500000,MRK
2011-04-27,35.20000076293945,35.7400016784668,35.04999923706055,35.630001068115234,26.545713424682617,20382500,MRK
2011-04-28,35.63999938964844,35.79999923706055,35.459999084472656,35.77000045776367,26.650028228759766,13451300,MRK
2011-04-29,35.97999954223633,36.25,35.630001068115234,35.95000076293945,26.78412628173828,18935000,MRK
2011-05-02,36.439998626708984,36.58000183105469,36.18000030517578,36.310001373291016,27.052350997924805,18387300,MRK
2011-05-03,36.2400016784668,36.63999938964844,36.06999969482422,36.40999984741211,27.126840591430664,17721100,MRK
2011-05-04,36.36000061035156,36.75,36.27000045776367,36.560001373291016,27.23860740661621,17399100,MRK
2011-05-05,36.45000076293945,36.63999938964844,36.16999816894531,36.25,27.007633209228516,16487800,MRK
2011-05-06,36.529998779296875,36.75,36.290000915527344,36.38999938964844,27.111942291259766,12773600,MRK
2011-05-09,36.11000061035156,36.58000183105469,36.099998474121094,36.47999954223633,27.17899513244629,10732800,MRK
2011-05-10,36.54999923706055,36.790000915527344,36.5,36.77000045776367,27.395061492919922,9600900,MRK
2011-05-11,36.77000045776367,36.95000076293945,36.470001220703125,36.630001068115234,27.290754318237305,11892900,MRK
2011-05-12,36.70000076293945,37.27000045776367,36.58000183105469,37.20000076293945,27.715421676635742,15941500,MRK
2011-05-13,37.029998779296875,37.29999923706055,36.849998474121094,37.08000183105469,27.626026153564453,11495500,MRK
2011-05-16,37.060001373291016,37.560001373291016,37.0,37.29999923706055,27.789934158325195,18739200,MRK
2011-05-17,37.189998626708984,37.34000015258789,36.689998626708984,37.27000045776367,27.76758575439453,20384600,MRK
2011-05-18,37.25,37.619998931884766,37.11000061035156,37.58000183105469,27.99853515625,12981700,MRK
2011-05-19,37.599998474121094,37.650001525878906,37.150001525878906,37.380001068115234,27.84952735900879,11401100,MRK
2011-05-20,37.380001068115234,37.47999954223633,36.88999938964844,37.060001373291016,27.611122131347656,11327000,MRK
2011-05-23,36.66999816894531,36.9900016784668,36.619998931884766,36.900001525878906,27.49191665649414,12597100,MRK
2011-05-24,36.88999938964844,37.040000915527344,36.790000915527344,36.869998931884766,27.469568252563477,11521700,MRK
2011-05-25,36.65999984741211,36.86000061035156,36.59000015258789,36.689998626708984,27.33545684814453,11261400,MRK
2011-05-26,36.689998626708984,36.79999923706055,36.099998474121094,36.380001068115234,27.104496002197266,17010300,MRK
2011-05-27,36.369998931884766,36.58000183105469,36.08000183105469,36.209999084472656,26.977834701538086,10492900,MRK
2011-05-31,36.38999938964844,36.7599983215332,36.34000015258789,36.75,27.380157470703125,14796500,MRK
2011-06-01,36.599998474121094,36.75,36.20000076293945,36.25,27.007633209228516,11304400,MRK
2011-06-02,36.18000030517578,36.25,35.93000030517578,36.150001525878906,26.933141708374023,10578700,MRK
2011-06-03,35.790000915527344,36.029998779296875,35.7599983215332,35.81999969482422,26.687271118164062,9885200,MRK
2011-06-06,35.70000076293945,35.83000183105469,35.4900016784668,35.560001373291016,26.49357032775879,9637700,MRK
2011-06-07,35.810001373291016,36.119998931884766,35.560001373291016,35.56999969482422,26.50102424621582,10049100,MRK
2011-06-08,35.529998779296875,35.95000076293945,35.470001220703125,35.790000915527344,26.664920806884766,12067400,MRK
2011-06-09,35.880001068115234,36.380001068115234,35.790000915527344,36.0,26.82138442993164,13595400,MRK
2011-06-10,35.880001068115234,35.880001068115234,35.36000061035156,35.45000076293945,26.41160774230957,11901000,MRK
2011-06-13,35.029998779296875,35.4900016784668,35.029998779296875,35.33000183105469,26.607419967651367,7982000,MRK
2011-06-14,35.5099983215332,35.880001068115234,35.33000183105469,35.63999938964844,26.840877532958984,12618900,MRK
2011-06-15,35.470001220703125,35.470001220703125,34.9900016784668,35.16999816894531,26.486923217773438,12150100,MRK
2011-06-16,35.13999938964844,35.36000061035156,35.0,35.18000030517578,26.494457244873047,10124100,MRK
2011-06-17,35.400001525878906,35.77000045776367,35.18000030517578,35.38999938964844,26.652605056762695,15048500,MRK
2011-06-20,35.290000915527344,35.810001373291016,35.220001220703125,35.790000915527344,26.95384407043457,10782600,MRK
2011-06-21,35.90999984741211,35.970001220703125,35.61000061035156,35.779998779296875,26.946317672729492,8601100,MRK
2011-06-22,35.56999969482422,35.70000076293945,35.41999816894531,35.470001220703125,26.712854385375977,7701600,MRK
2011-06-23,35.130001068115234,35.31999969482422,34.540000915527344,34.970001220703125,26.3362979888916,19474900,MRK
2011-06-24,35.02000045776367,35.06999969482422,34.5,34.54999923706055,26.019996643066406,16598900,MRK
2011-06-27,34.650001525878906,34.70000076293945,34.369998931884766,34.529998779296875,26.004926681518555,10853900,MRK
2011-06-28,34.59000015258789,35.0,34.5,34.90999984741211,26.291114807128906,9989100,MRK
2011-06-29,34.95000076293945,35.290000915527344,34.81999969482422,35.099998474121094,26.43419647216797,12806100,MRK
2011-06-30,35.220001220703125,35.470001220703125,35.099998474121094,35.290000915527344,26.577293395996094,12751200,MRK
2011-07-01,35.16999816894531,35.72999954223633,35.15999984741211,35.599998474121094,26.810758590698242,9881900,MRK
2011-07-05,35.5099983215332,35.689998626708984,35.439998626708984,35.4900016784668,26.72791862487793,8986400,MRK
2011-07-06,35.5,35.619998931884766,35.369998931884766,35.529998779296875,26.758047103881836,10807300,MRK
2011-07-07,35.7599983215332,35.95000076293945,35.45000076293945,35.72999954223633,26.908662796020508,12214200,MRK
2011-07-08,35.880001068115234,36.189998626708984,35.77000045776367,36.119998931884766,27.202375411987305,15030900,MRK
2011-07-11,35.959999084472656,35.959999084472656,35.5099983215332,35.68000030517578,26.871009826660156,10249900,MRK
2011-07-12,35.7400016784668,36.029998779296875,35.58000183105469,35.630001068115234,26.833349227905273,11842400,MRK
2011-07-13,35.70000076293945,36.470001220703125,35.630001068115234,36.029998779296875,27.134592056274414,13502100,MRK
2011-07-14,36.16999816894531,36.560001373291016,36.02000045776367,36.310001373291016,27.34547233581543,15331000,MRK
2011-07-15,36.33000183105469,36.439998626708984,35.68000030517578,35.93000030517578,27.059282302856445,14603700,MRK
2011-07-18,35.68000030517578,35.810001373291016,35.310001373291016,35.4900016784668,26.72791862487793,10626700,MRK
2011-07-19,35.56999969482422,35.93000030517578,35.310001373291016,35.790000915527344,26.95384407043457,11335800,MRK
2011-07-20,35.88999938964844,35.88999938964844,35.52000045776367,35.59000015258789,26.8032283782959,8328300,MRK
2011-07-21,35.84000015258789,36.47999954223633,35.720001220703125,36.18000030517578,27.24756622314453,11387000,MRK
2011-07-22,36.290000915527344,36.459999084472656,35.939998626708984,36.09000015258789,27.179780960083008,7582300,MRK
2011-07-25,35.689998626708984,36.04999923706055,35.68000030517578,35.88999938964844,27.029155731201172,12087600,MRK
2011-07-26,35.91999816894531,36.0099983215332,35.650001525878906,35.790000915527344,26.95384407043457,9551300,MRK
2011-07-27,35.59000015258789,35.7599983215332,35.11000061035156,35.189998626708984,26.50197982788086,14293300,MRK
2011-07-28,35.2599983215332,35.349998474121094,34.88999938964844,34.93000030517578,26.30617904663086,13839500,MRK
2011-07-29,34.63999938964844,34.70000076293945,34.04999923706055,34.130001068115234,25.703678131103516,19288500,MRK
2011-08-01,34.25,34.290000915527344,32.79999923706055,33.439998626708984,25.18403434753418,25501000,MRK
2011-08-02,33.15999984741211,33.15999984741211,32.56999969482422,32.900001525878906,24.777362823486328,26293400,MRK
2011-08-03,32.900001525878906,33.22999954223633,32.20000076293945,32.70000076293945,24.62673568725586,22056300,MRK
2011-08-04,32.2400016784668,32.31999969482422,31.440000534057617,31.510000228881836,23.730531692504883,26185300,MRK
2011-08-05,31.770000457763672,32.0,30.75,31.709999084472656,23.88115119934082,30508300,MRK
2011-08-08,31.1200008392334,31.549999237060547,29.8799991607666,29.940000534057617,22.54815101623535,38146200,MRK
2011-08-09,30.399999618530273,31.239999771118164,29.469999313354492,31.219999313354492,23.512128829956055,37142600,MRK
2011-08-10,30.5,30.90999984741211,29.719999313354492,29.809999465942383,22.450239181518555,33583800,MRK
2011-08-11,29.790000915527344,31.549999237060547,29.739999771118164,31.200000762939453,23.497072219848633,29832800,MRK
2011-08-12,31.389999389648438,31.920000076293945,31.200000762939453,31.34000015258789,23.602508544921875,19721500,MRK
2011-08-15,31.649999618530273,32.15999984741211,31.450000762939453,32.130001068115234,24.19746208190918,18435600,MRK
2011-08-16,32.0099983215332,32.34000015258789,31.670000076293945,32.099998474121094,24.174867630004883,16167000,MRK
2011-08-17,32.380001068115234,32.540000915527344,31.8700008392334,32.20000076293945,24.250179290771484,14018300,MRK
2011-08-18,31.75,31.790000915527344,30.770000457763672,31.059999465942383,23.391632080078125,23102700,MRK
2011-08-19,30.790000915527344,31.459999084472656,30.75,31.260000228881836,23.54225730895996,20738200,MRK
2011-08-22,31.690000534057617,32.0,31.190000534057617,31.309999465942383,23.579912185668945,19044900,MRK
2011-08-23,31.450000762939453,32.209999084472656,31.360000610351562,31.940000534057617,24.054372787475586,22731200,MRK
2011-08-24,31.93000030517578,32.290000915527344,31.670000076293945,32.22999954223633,24.27277374267578,13419100,MRK
2011-08-25,32.25,32.25,31.709999084472656,31.860000610351562,23.994117736816406,16072800,MRK
2011-08-26,31.600000381469727,32.060001373291016,30.979999542236328,31.920000076293945,24.0393123626709,18451400,MRK
2011-08-29,32.08000183105469,32.56999969482422,32.08000183105469,32.459999084472656,24.445993423461914,11546800,MRK
2011-08-30,32.29999923706055,32.900001525878906,32.099998474121094,32.70000076293945,24.62673568725586,12799700,MRK
2011-08-31,32.95000076293945,33.310001373291016,32.900001525878906,33.099998474121094,24.927980422973633,14397400,MRK
2011-09-01,33.04999923706055,33.4900016784668,32.86000061035156,32.900001525878906,24.777362823486328,12565900,MRK
2011-09-02,32.66999816894531,32.7599983215332,32.29999923706055,32.369998931884766,24.37820816040039,13371200,MRK
2011-09-06,31.6299991607666,32.29999923706055,31.510000228881836,32.25,24.28783416748047,17460500,MRK
2011-09-07,32.54999923706055,33.0099983215332,32.52000045776367,32.959999084472656,24.822538375854492,13946900,MRK
2011-09-08,32.7599983215332,33.189998626708984,32.650001525878906,32.779998779296875,24.686981201171875,33378200,MRK
2011-09-09,32.599998474121094,32.599998474121094,31.610000610351562,31.84000015258789,23.97905921936035,27727900,MRK
2011-09-12,31.559999465942383,32.04999923706055,31.399999618530273,32.0,24.09955406188965,15122700,MRK
2011-09-13,31.559999465942383,31.90999984741211,31.450000762939453,31.739999771118164,24.19101905822754,14659800,MRK
2011-09-14,31.940000534057617,32.45000076293945,31.479999542236328,32.119998931884766,24.48063850402832,15647800,MRK
2011-09-15,32.38999938964844,32.5,32.029998779296875,32.4900016784668,24.762643814086914,12763900,MRK
2011-09-16,32.68000030517578,32.79999923706055,32.439998626708984,32.68000030517578,24.90744400024414,19567200,MRK
2011-09-19,32.099998474121094,32.349998474121094,31.899999618530273,32.25,24.5797176361084,13331300,MRK
2011-09-20,32.220001220703125,32.83000183105469,32.15999984741211,32.5,24.770259857177734,13765700,MRK
2011-09-21,32.66999816894531,32.90999984741211,31.81999969482422,31.850000381469727,24.27485466003418,14619400,MRK
2011-09-22,31.18000030517578,31.479999542236328,30.770000457763672,31.1299991607666,23.726104736328125,23408600,MRK
2011-09-23,30.920000076293945,31.229999542236328,30.709999084472656,31.049999237060547,23.665124893188477,18906100,MRK
2011-09-26,31.270000457763672,31.690000534057617,31.010000228881836,31.610000610351562,24.091936111450195,15487100,MRK
2011-09-27,32.029998779296875,32.5,31.950000762939453,32.13999938964844,24.495880126953125,15236300,MRK
2011-09-28,32.34000015258789,32.68000030517578,31.8799991607666,31.940000534057617,24.343454360961914,14768700,MRK
2011-09-29,32.349998474121094,32.81999969482422,32.220001220703125,32.65999984741211,24.8922061920166,19306800,MRK
2011-09-30,32.400001525878906,33.31999969482422,32.349998474121094,32.70000076293945,24.922693252563477,24230200,MRK
2011-10-03,32.59000015258789,32.720001220703125,31.559999465942383,31.56999969482422,24.061450958251953,23819600,MRK
2011-10-04,31.270000457763672,31.440000534057617,30.540000915527344,31.350000381469727,23.89377784729004,28700000,MRK
2011-10-05,31.440000534057617,31.770000457763672,31.010000228881836,31.459999084472656,23.97760581970215,25274000,MRK
2011-10-06,31.3700008392334,31.559999465942383,30.989999771118164,31.420000076293945,23.947126388549805,18601200,MRK
2011-10-07,31.90999984741211,32.279998779296875,31.56999969482422,31.610000610351562,24.091936111450195,21872700,MRK
2011-10-10,32.4900016784668,32.56999969482422,32.040000915527344,32.349998474121094,24.655933380126953,14971700,MRK
2011-10-11,32.36000061035156,32.40999984741211,31.81999969482422,31.93000030517578,24.3358211517334,15584900,MRK
2011-10-12,32.25,32.77000045776367,32.150001525878906,32.56999969482422,24.8236083984375,16351400,MRK
2011-10-13,32.47999954223633,32.869998931884766,32.2599983215332,32.70000076293945,24.922693252563477,13603500,MRK
2011-10-14,32.970001220703125,33.0,32.689998626708984,32.97999954223633,25.136104583740234,10786600,MRK
2011-10-17,32.84000015258789,33.18000030517578,32.25,32.310001373291016,24.625452041625977,11453800,MRK
2011-10-18,32.369998931884766,33.0099983215332,32.189998626708984,32.790000915527344,24.991291046142578,12925700,MRK
2011-10-19,32.79999923706055,33.060001373291016,32.41999816894531,32.540000915527344,24.800745010375977,11915400,MRK
2011-10-20,32.70000076293945,32.939998626708984,32.310001373291016,32.79999923706055,24.9989070892334,13569600,MRK
2011-10-21,33.15999984741211,33.41999816894531,33.09000015258789,33.349998474121094,25.418092727661133,17960400,MRK
2011-10-24,33.2599983215332,33.560001373291016,33.130001068115234,33.529998779296875,25.55528450012207,14307300,MRK
2011-10-25,33.52000045776367,33.58000183105469,32.81999969482422,32.90999984741211,25.082746505737305,15689600,MRK
2011-10-26,33.31999969482422,33.689998626708984,33.08000183105469,33.540000915527344,25.56290054321289,15295100,MRK
2011-10-27,34.08000183105469,34.560001373291016,33.81999969482422,34.310001373291016,26.149776458740234,20688000,MRK
2011-10-28,35.029998779296875,35.5,34.619998931884766,35.11000061035156,26.759496688842773,25658300,MRK
2011-10-31,35.02000045776367,35.2400016784668,34.5,34.5,26.294584274291992,17383400,MRK
2011-11-01,33.810001373291016,34.650001525878906,33.70000076293945,34.060001373291016,25.9592342376709,26778500,MRK
2011-11-02,34.47999954223633,34.529998779296875,33.959999084472656,34.189998626708984,26.058311462402344,12578600,MRK
2011-11-03,34.5,34.72999954223633,34.34000015258789,34.529998779296875,26.317447662353516,14824600,MRK
2011-11-04,34.33000183105469,34.40999984741211,33.779998779296875,34.02000045776367,25.92874526977539,10727000,MRK
2011-11-07,33.900001525878906,34.34000015258789,33.81999969482422,34.31999969482422,26.15739631652832,9586100,MRK
2011-11-08,34.349998474121094,34.61000061035156,34.040000915527344,34.470001220703125,26.2717227935791,14334800,MRK
2011-11-09,34.02000045776367,34.560001373291016,33.560001373291016,33.790000915527344,25.753448486328125,21458900,MRK
2011-11-10,34.56999969482422,35.13999938964844,34.290000915527344,34.970001220703125,26.652799606323242,26442900,MRK
2011-11-11,35.36000061035156,36.25,35.36000061035156,35.970001220703125,27.414962768554688,30384900,MRK
2011-11-14,35.38999938964844,35.75,35.11000061035156,35.66999816894531,27.18630599975586,14147800,MRK
2011-11-15,35.540000915527344,35.869998931884766,35.34000015258789,35.72999954223633,27.232044219970703,8922700,MRK
2011-11-16,35.15999984741211,35.619998931884766,35.029998779296875,35.09000015258789,26.744260787963867,12843300,MRK
2011-11-17,34.91999816894531,35.18000030517578,34.41999816894531,34.84000015258789,26.553720474243164,16576200,MRK
2011-11-18,34.939998626708984,35.220001220703125,34.939998626708984,34.95000076293945,26.63755989074707,12595400,MRK
2011-11-21,34.38999938964844,34.560001373291016,34.0,34.13999938964844,26.02021026611328,16499800,MRK
2011-11-22,34.09000015258789,34.220001220703125,33.7599983215332,33.810001373291016,25.768693923950195,16980500,MRK
2011-11-23,33.439998626708984,33.56999969482422,33.189998626708984,33.189998626708984,25.296152114868164,13736600,MRK
2011-11-25,33.290000915527344,33.400001525878906,33.130001068115234,33.15999984741211,25.273284912109375,4906400,MRK
2011-11-28,33.7400016784668,34.310001373291016,33.689998626708984,34.2599983215332,26.111665725708008,15561700,MRK
2011-11-29,34.5,34.90999984741211,34.369998931884766,34.47999954223633,26.279342651367188,12142400,MRK
2011-11-30,35.20000076293945,35.79999923706055,35.20000076293945,35.75,27.247282028198242,18442200,MRK
2011-12-01,35.72999954223633,35.9900016784668,35.560001373291016,35.68000030517578,27.193939208984375,12563700,MRK
2011-12-02,35.90999984741211,35.90999984741211,35.369998931884766,35.47999954223633,27.0414981842041,14485200,MRK
2011-12-05,35.779998779296875,35.86000061035156,35.060001373291016,35.2599983215332,26.873825073242188,17207800,MRK
2011-12-06,35.43000030517578,35.599998474121094,35.25,35.400001525878906,26.98052406311035,13892900,MRK
2011-12-07,35.279998779296875,35.779998779296875,35.20000076293945,35.61000061035156,27.140583038330078,20848500,MRK
2011-12-08,35.66999816894531,35.72999954223633,35.06999969482422,35.189998626708984,26.820472717285156,42406200,MRK
2011-12-09,35.310001373291016,35.86000061035156,35.209999084472656,35.68000030517578,27.193939208984375,40329200,MRK
2011-12-12,35.58000183105469,35.66999816894531,35.18000030517578,35.40999984741211,26.988157272338867,12611100,MRK
2011-12-13,35.220001220703125,35.36000061035156,34.86000061035156,34.9900016784668,26.988161087036133,18318800,MRK
2011-12-14,34.93000030517578,35.7599983215332,34.900001525878906,35.560001373291016,27.427806854248047,22542300,MRK
2011-12-15,35.91999816894531,36.68000030517578,35.88999938964844,36.36000061035156,28.04485321044922,31904200,MRK
2011-12-16,36.5,36.619998931884766,36.02000045776367,36.25,27.96000099182129,26492300,MRK
2011-12-19,36.43000030517578,36.79999923706055,36.34000015258789,36.470001220703125,28.129688262939453,16506800,MRK
2011-12-20,36.720001220703125,37.150001525878906,36.5,37.06999969482422,28.59248161315918,20442500,MRK
2011-12-21,37.060001373291016,37.40999984741211,37.02000045776367,37.33000183105469,28.793027877807617,13158500,MRK
2011-12-22,37.380001068115234,37.75,37.209999084472656,37.560001373291016,28.97041893005371,11536500,MRK
2011-12-23,37.68000030517578,37.900001525878906,37.63999938964844,37.900001525878906,29.232669830322266,9550100,MRK
2011-12-27,37.779998779296875,37.900001525878906,37.709999084472656,37.75,29.11696434020996,7564300,MRK
2011-12-28,37.689998626708984,37.79999923706055,37.400001525878906,37.43000030517578,28.870149612426758,7275200,MRK
2011-12-29,37.599998474121094,37.75,37.4900016784668,37.72999954223633,29.101545333862305,6860600,MRK
2011-12-30,37.59000015258789,37.869998931884766,37.470001220703125,37.70000076293945,29.078401565551758,7859900,MRK
2012-01-03,37.880001068115234,38.560001373291016,37.810001373291016,38.29999923706055,29.54119110107422,17271400,MRK
2012-01-04,38.25,38.34000015258789,37.900001525878906,38.34000015258789,29.572044372558594,13716300,MRK
2012-01-05,38.13999938964844,39.0,38.040000915527344,38.7400016784668,29.88055992126465,20987600,MRK
2012-01-06,38.75,38.75,38.43000030517578,38.470001220703125,29.672311782836914,16727700,MRK
2012-01-09,38.34000015258789,38.470001220703125,37.88999938964844,38.38999938964844,29.610593795776367,13906900,MRK
2012-01-10,38.75,38.79999923706055,38.400001525878906,38.52000045776367,29.710878372192383,11366200,MRK
2012-01-11,38.41999816894531,38.52000045776367,38.2400016784668,38.40999984741211,29.626018524169922,11945800,MRK
2012-01-12,38.619998931884766,38.68000030517578,38.41999816894531,38.61000061035156,29.780296325683594,9931200,MRK
2012-01-13,38.45000076293945,38.5,38.02000045776367,38.31999969482422,29.556604385375977,9677400,MRK
2012-01-17,38.529998779296875,38.88999938964844,38.369998931884766,38.81999969482422,29.94226837158203,16554700,MRK
2012-01-18,38.650001525878906,38.95000076293945,38.63999938964844,38.869998931884766,29.98082733154297,14710600,MRK
2012-01-19,38.900001525878906,39.43000030517578,38.72999954223633,39.2599983215332,30.281646728515625,16546800,MRK
2012-01-20,39.31999969482422,39.400001525878906,38.91999816894531,39.20000076293945,30.23537254333496,15333900,MRK
2012-01-23,38.959999084472656,39.099998474121094,38.68000030517578,38.77000045776367,29.90370750427246,13499900,MRK
2012-01-24,38.970001220703125,39.209999084472656,38.650001525878906,38.779998779296875,29.911415100097656,13144700,MRK
2012-01-25,38.56999969482422,38.790000915527344,38.2599983215332,38.68000030517578,29.834280014038086,14475200,MRK
2012-01-26,38.84000015258789,38.95000076293945,38.540000915527344,38.779998779296875,29.911415100097656,12388800,MRK
2012-01-27,38.72999954223633,38.79999923706055,38.220001220703125,38.52000045776367,29.710878372192383,12120600,MRK
2012-01-30,38.380001068115234,38.900001525878906,38.27000045776367,38.88999938964844,29.996261596679688,12714300,MRK
2012-01-31,38.970001220703125,38.9900016784668,38.189998626708984,38.27000045776367,29.518049240112305,16477600,MRK
2012-02-01,38.54999923706055,39.0099983215332,38.31999969482422,38.630001068115234,29.795713424682617,14577100,MRK
2012-02-02,38.939998626708984,38.970001220703125,38.0,38.439998626708984,29.649171829223633,20780700,MRK
2012-02-03,38.5,38.59000015258789,38.08000183105469,38.369998931884766,29.595176696777344,15010200,MRK
2012-02-06,38.209999084472656,38.400001525878906,38.130001068115234,38.400001525878906,29.618318557739258,11032300,MRK
2012-02-07,38.27000045776367,38.779998779296875,38.25,38.630001068115234,29.795713424682617,12447400,MRK
2012-02-08,38.54999923706055,38.599998474121094,38.220001220703125,38.41999816894531,29.633743286132812,11333200,MRK
2012-02-09,38.38999938964844,38.52000045776367,38.13999938964844,38.150001525878906,29.425491333007812,9597700,MRK
2012-02-10,37.939998626708984,38.0099983215332,37.779998779296875,37.90999984741211,29.24037742614746,10521100,MRK
2012-02-13,38.099998474121094,38.2400016784668,37.97999954223633,38.11000061035156,29.394641876220703,11621600,MRK
2012-02-14,38.11000061035156,38.2400016784668,37.95000076293945,38.209999084472656,29.47176742553711,11168300,MRK
2012-02-15,38.2599983215332,38.279998779296875,37.88999938964844,38.02000045776367,29.325220108032227,12184800,MRK
2012-02-16,38.08000183105469,38.150001525878906,37.79999923706055,38.13999938964844,29.41777992248535,10432800,MRK
2012-02-17,38.619998931884766,38.880001068115234,38.31999969482422,38.560001373291016,29.741735458374023,17964300,MRK
2012-02-21,38.470001220703125,38.630001068115234,38.08000183105469,38.130001068115234,29.410070419311523,10852200,MRK
2012-02-22,38.060001373291016,38.22999954223633,37.900001525878906,38.220001220703125,29.4794921875,9833000,MRK
2012-02-23,38.099998474121094,38.52000045776367,38.099998474121094,38.5099983215332,29.703161239624023,10328200,MRK
2012-02-24,38.4900016784668,38.5,38.13999938964844,38.20000076293945,29.464075088500977,8489500,MRK
2012-02-27,37.939998626708984,38.2599983215332,37.83000183105469,38.150001525878906,29.425491333007812,16511500,MRK
2012-02-28,38.150001525878906,38.4900016784668,38.0,38.380001068115234,29.60289192199707,9461900,MRK
2012-02-29,38.470001220703125,38.4900016784668,38.119998931884766,38.16999816894531,29.44091796875,15240000,MRK
2012-03-01,38.150001525878906,38.15999984741211,37.65999984741211,37.790000915527344,29.14781951904297,18053500,MRK
2012-03-02,37.619998931884766,38.09000015258789,37.560001373291016,37.93000030517578,29.25580406188965,13050400,MRK
2012-03-05,38.0099983215332,38.52000045776367,37.9900016784668,38.45000076293945,29.65688705444336,18663100,MRK
2012-03-06,37.97999954223633,38.380001068115234,37.29999923706055,37.439998626708984,28.877864837646484,18595300,MRK
2012-03-07,37.33000183105469,37.43000030517578,36.90999984741211,37.310001373291016,28.777591705322266,16870000,MRK
2012-03-08,37.619998931884766,37.810001373291016,37.349998474121094,37.400001525878906,28.847009658813477,40922000,MRK
2012-03-09,37.47999954223633,37.900001525878906,37.459999084472656,37.599998474121094,29.001277923583984,44521000,MRK
2012-03-12,37.720001220703125,38.11000061035156,37.650001525878906,38.099998474121094,29.386932373046875,10873400,MRK
2012-03-13,37.869998931884766,38.29999923706055,37.70000076293945,38.279998779296875,29.854867935180664,15002600,MRK
2012-03-14,38.38999938964844,38.400001525878906,38.09000015258789,38.220001220703125,29.80807113647461,11758000,MRK
2012-03-15,38.150001525878906,38.25,37.95000076293945,38.060001373291016,29.683298110961914,12246000,MRK
2012-03-16,38.16999816894531,38.33000183105469,37.970001220703125,38.029998779296875,29.659893035888672,18555500,MRK
2012-03-19,37.939998626708984,38.040000915527344,37.84000015258789,37.88999938964844,29.550701141357422,9747400,MRK
2012-03-20,37.650001525878906,37.91999816894531,37.619998931884766,37.7599983215332,29.449317932128906,13851000,MRK
2012-03-21,37.880001068115234,37.880001068115234,37.630001068115234,37.70000076293945,29.40253448486328,11497000,MRK
2012-03-22,37.540000915527344,37.93000030517578,37.529998779296875,37.599998474121094,29.32453155517578,12991500,MRK
2012-03-23,37.70000076293945,38.04999923706055,37.61000061035156,38.0099983215332,29.644302368164062,10766500,MRK
2012-03-26,38.2599983215332,38.70000076293945,38.150001525878906,38.65999984741211,30.151241302490234,12000700,MRK
2012-03-27,38.75,39.0,38.68000030517578,38.79999923706055,30.26042366027832,12689500,MRK
2012-03-28,38.630001068115234,38.93000030517578,38.22999954223633,38.310001373291016,29.878265380859375,16284800,MRK
2012-03-29,38.16999816894531,38.29999923706055,37.779998779296875,38.0099983215332,29.644302368164062,17588200,MRK
2012-03-30,38.13999938964844,38.41999816894531,38.04999923706055,38.400001525878906,29.948467254638672,14116700,MRK
2012-04-02,38.29999923706055,38.560001373291016,38.209999084472656,38.5099983215332,30.034250259399414,11440900,MRK
2012-04-03,38.54999923706055,38.720001220703125,38.459999084472656,38.720001220703125,30.198036193847656,10948100,MRK
2012-04-04,38.599998474121094,38.95000076293945,38.5,38.900001525878906,30.33840560913086,15210800,MRK
2012-04-05,38.7599983215332,38.90999984741211,38.59000015258789,38.880001068115234,30.322818756103516,13880800,MRK
2012-04-09,38.58000183105469,38.97999954223633,38.560001373291016,38.72999954223633,30.205829620361328,11724300,MRK
2012-04-10,38.709999084472656,38.88999938964844,38.45000076293945,38.45000076293945,29.987455368041992,13984100,MRK
2012-04-11,38.61000061035156,38.70000076293945,38.400001525878906,38.47999954223633,30.010852813720703,10710600,MRK
2012-04-12,38.709999084472656,38.709999084472656,38.189998626708984,38.27000045776367,29.847064971923828,12806400,MRK
2012-04-13,38.09000015258789,38.099998474121094,37.77000045776367,37.779998779296875,29.46491813659668,20858100,MRK
2012-04-16,37.880001068115234,38.060001373291016,37.880001068115234,37.95000076293945,29.597501754760742,13938100,MRK
2012-04-17,38.11000061035156,38.540000915527344,37.9900016784668,38.5099983215332,30.034250259399414,11200400,MRK
2012-04-18,38.439998626708984,38.599998474121094,38.380001068115234,38.400001525878906,29.948467254638672,7665400,MRK
2012-04-19,38.54999923706055,38.619998931884766,38.15999984741211,38.36000061035156,29.917266845703125,10740800,MRK
2012-04-20,38.310001373291016,38.880001068115234,38.29999923706055,38.72999954223633,30.205829620361328,14877200,MRK
2012-04-23,38.54999923706055,38.560001373291016,38.20000076293945,38.27000045776367,29.847064971923828,10671300,MRK
2012-04-24,38.34000015258789,38.43000030517578,38.16999816894531,38.27000045776367,29.847064971923828,12485400,MRK
2012-04-25,38.29999923706055,38.4900016784668,38.130001068115234,38.43000030517578,29.971858978271484,12840700,MRK
2012-04-26,38.47999954223633,38.560001373291016,38.290000915527344,38.470001220703125,30.003061294555664,10194400,MRK
2012-04-27,38.79999923706055,38.939998626708984,38.34000015258789,38.459999084472656,29.99526023864746,15514500,MRK
2012-04-30,38.63999938964844,39.459999084472656,38.59000015258789,39.2400016784668,30.60358238220215,19808600,MRK
2012-05-01,38.939998626708984,39.5,38.86000061035156,39.369998931884766,30.70496368408203,14590000,MRK
2012-05-02,39.31999969482422,39.43000030517578,39.09000015258789,39.290000915527344,30.64258575439453,11528800,MRK
2012-05-03,39.310001373291016,39.380001068115234,39.060001373291016,39.16999816894531,30.548986434936523,10569400,MRK
2012-05-04,39.11000061035156,39.11000061035156,38.61000061035156,38.84000015258789,30.291616439819336,11932400,MRK
2012-05-07,38.5099983215332,38.810001373291016,38.5,38.540000915527344,30.057647705078125,11573700,MRK
2012-05-08,38.52000045776367,38.65999984741211,38.279998779296875,38.630001068115234,30.127836227416992,8762600,MRK
2012-05-09,38.34000015258789,38.4900016784668,38.09000015258789,38.09000015258789,29.706682205200195,11965500,MRK
2012-05-10,38.29999923706055,38.619998931884766,38.25,38.38999938964844,29.940658569335938,9452700,MRK
2012-05-11,38.20000076293945,38.34000015258789,37.95000076293945,38.029998779296875,29.659893035888672,12111400,MRK
2012-05-14,37.849998474121094,38.38999938964844,37.709999084472656,38.220001220703125,29.80807113647461,16272700,MRK
2012-05-15,38.08000183105469,38.20000076293945,37.58000183105469,37.7400016784668,29.4337215423584,10652700,MRK
2012-05-16,37.959999084472656,38.349998474121094,37.77000045776367,38.22999954223633,29.815874099731445,15367600,MRK
2012-05-17,38.209999084472656,38.45000076293945,38.0,38.029998779296875,29.659893035888672,13906000,MRK
2012-05-18,38.20000076293945,38.209999084472656,37.630001068115234,37.81999969482422,29.496109008789062,18690600,MRK
2012-05-21,37.72999954223633,37.88999938964844,37.54999923706055,37.599998474121094,29.32453155517578,9300000,MRK
2012-05-22,37.65999984741211,37.7400016784668,37.349998474121094,37.459999084472656,29.215351104736328,12327600,MRK
2012-05-23,37.459999084472656,37.630001068115234,37.02000045776367,37.34000015258789,29.121755599975586,11236800,MRK
2012-05-24,37.400001525878906,37.66999816894531,37.279998779296875,37.599998474121094,29.32453155517578,8651700,MRK
2012-05-25,37.56999969482422,37.75,37.369998931884766,37.54999923706055,29.285539627075195,6591600,MRK
2012-05-29,37.689998626708984,37.75,37.43000030517578,37.59000015258789,29.316726684570312,8792400,MRK
2012-05-30,37.400001525878906,37.650001525878906,37.290000915527344,37.400001525878906,29.168554306030273,9668200,MRK
2012-05-31,37.61000061035156,37.869998931884766,37.25,37.58000183105469,29.308937072753906,13443100,MRK
2012-06-01,37.18000030517578,37.4900016784668,37.02000045776367,37.18000030517578,28.996967315673828,13371600,MRK
2012-06-04,37.18000030517578,37.470001220703125,37.119998931884766,37.459999084472656,29.215351104736328,10915800,MRK
2012-06-05,37.400001525878906,37.54999923706055,37.2599983215332,37.5,29.24654197692871,10560500,MRK
2012-06-06,37.75,37.900001525878906,37.529998779296875,37.900001525878906,29.55850601196289,12613900,MRK
2012-06-07,38.06999969482422,38.470001220703125,38.0099983215332,38.33000183105469,29.89386749267578,53370900,MRK
2012-06-08,38.47999954223633,38.54999923706055,38.25,38.459999084472656,29.99526023864746,50924300,MRK
2012-06-11,38.619998931884766,38.77000045776367,38.439998626708984,38.470001220703125,30.003061294555664,46814300,MRK
2012-06-12,38.61000061035156,38.849998474121094,38.38999938964844,38.849998474121094,30.299419403076172,10467000,MRK
2012-06-13,38.400001525878906,38.790000915527344,38.27000045776367,38.400001525878906,30.27577018737793,11566500,MRK
2012-06-14,38.52000045776367,38.939998626708984,38.349998474121094,38.790000915527344,30.583263397216797,12909600,MRK
2012-06-15,39.02000045776367,39.099998474121094,38.869998931884766,38.939998626708984,30.701520919799805,16053000,MRK
2012-06-18,38.720001220703125,39.060001373291016,38.720001220703125,38.849998474121094,30.630565643310547,8254900,MRK
2012-06-19,38.95000076293945,39.41999816894531,38.86000061035156,39.22999954223633,30.930156707763672,11901100,MRK
2012-06-20,39.16999816894531,39.380001068115234,39.0,39.209999084472656,30.914400100708008,11392200,MRK
2012-06-21,39.36000061035156,39.790000915527344,39.290000915527344,39.45000076293945,31.103609085083008,17334700,MRK
2012-06-22,39.599998474121094,40.310001373291016,39.54999923706055,40.18000030517578,31.679174423217773,24147900,MRK
2012-06-25,39.90999984741211,40.040000915527344,39.70000076293945,39.790000915527344,31.371686935424805,15348000,MRK
2012-06-26,39.81999969482422,40.79999923706055,39.720001220703125,40.060001373291016,31.584550857543945,11439100,MRK
2012-06-27,40.08000183105469,40.75,39.970001220703125,40.529998779296875,31.955121994018555,13127500,MRK
2012-06-28,40.40999984741211,40.70000076293945,40.189998626708984,40.68000030517578,32.07338333129883,12562500,MRK
2012-06-29,40.88999938964844,41.75,40.88999938964844,41.75,32.91700744628906,23675500,MRK
2012-07-02,41.25,41.849998474121094,41.22999954223633,41.849998474121094,32.995853424072266,14334100,MRK
2012-07-03,41.72999954223633,41.959999084472656,41.560001373291016,41.810001373291016,32.96432876586914,7550500,MRK
2012-07-05,41.66999816894531,41.79999923706055,41.29999923706055,41.630001068115234,32.82239532470703,9251400,MRK
2012-07-06,41.33000183105469,41.54999923706055,41.290000915527344,41.5099983215332,32.72779846191406,10060600,MRK
2012-07-09,41.709999084472656,42.2599983215332,41.529998779296875,42.130001068115234,33.21662139892578,20219800,MRK
2012-07-10,42.18000030517578,42.209999084472656,41.2599983215332,41.369998931884766,32.61741256713867,16710400,MRK
2012-07-11,41.380001068115234,41.470001220703125,41.060001373291016,41.209999084472656,32.49126434326172,12362200,MRK
2012-07-12,42.869998931884766,43.18000030517578,42.7599983215332,42.90999984741211,33.83159637451172,45955100,MRK
2012-07-13,43.060001373291016,43.56999969482422,42.93000030517578,43.470001220703125,34.27311325073242,16968500,MRK
2012-07-16,43.220001220703125,43.529998779296875,43.0,43.349998474121094,34.178504943847656,15233400,MRK
2012-07-17,43.290000915527344,44.369998931884766,43.15999984741211,44.189998626708984,34.84077835083008,20143800,MRK
2012-07-18,43.93000030517578,44.11000061035156,43.68000030517578,43.939998626708984,34.643672943115234,16211100,MRK
2012-07-19,43.95000076293945,44.029998779296875,43.540000915527344,43.939998626708984,34.643672943115234,13990100,MRK
2012-07-20,43.619998931884766,43.65999984741211,43.310001373291016,43.40999984741211,34.225807189941406,13016800,MRK
2012-07-23,43.220001220703125,43.439998626708984,43.060001373291016,43.27000045776367,34.11542892456055,14379100,MRK
2012-07-24,43.220001220703125,43.36000061035156,42.2599983215332,42.689998626708984,33.658138275146484,20376800,MRK
2012-07-25,42.90999984741211,42.9900016784668,42.36000061035156,42.619998931884766,33.60293960571289,12231600,MRK
2012-07-26,43.04999923706055,43.75,42.97999954223633,43.33000183105469,34.16273880004883,16303300,MRK
2012-07-27,43.75,45.16999816894531,43.459999084472656,45.099998474121094,35.55826187133789,29980900,MRK
2012-07-30,44.63999938964844,44.93000030517578,44.33000183105469,44.47999954223633,35.069435119628906,12950300,MRK
2012-07-31,44.45000076293945,44.689998626708984,44.16999816894531,44.16999816894531,34.825016021728516,12635900,MRK
2012-08-01,44.45000076293945,44.790000915527344,44.099998474121094,44.279998779296875,34.9117431640625,11241500,MRK
2012-08-02,44.040000915527344,44.22999954223633,43.52000045776367,43.90999984741211,34.620025634765625,9845900,MRK
2012-08-03,44.439998626708984,44.68000030517578,44.08000183105469,44.150001525878906,34.80925750732422,10015400,MRK
2012-08-06,44.20000076293945,44.63999938964844,44.16999816894531,44.4900016784668,35.07731628417969,9096000,MRK
2012-08-07,44.540000915527344,44.54999923706055,43.97999954223633,44.0,34.690982818603516,10885400,MRK
2012-08-08,43.97999954223633,44.27000045776367,43.83000183105469,44.060001373291016,34.738285064697266,10791000,MRK
2012-08-09,43.88999938964844,44.31999969482422,43.70000076293945,44.279998779296875,34.9117431640625,9987200,MRK
2012-08-10,43.97999954223633,44.56999969482422,43.959999084472656,44.56999969482422,35.14038848876953,9290100,MRK
2012-08-13,44.58000183105469,44.61000061035156,44.25,44.41999816894531,35.02212142944336,8533700,MRK
2012-08-14,44.5,44.63999938964844,44.279998779296875,44.40999984741211,35.01424026489258,6271700,MRK
2012-08-15,44.2599983215332,44.380001068115234,44.0,44.060001373291016,34.738285064697266,7450600,MRK
2012-08-16,44.02000045776367,44.15999984741211,43.849998474121094,43.939998626708984,34.643672943115234,8395900,MRK
2012-08-17,44.040000915527344,44.040000915527344,43.09000015258789,43.34000015258789,34.17061996459961,14836900,MRK
2012-08-20,43.349998474121094,43.79999923706055,43.2400016784668,43.75,34.49386978149414,8731500,MRK
2012-08-21,43.5,43.75,42.90999984741211,42.939998626708984,33.8552360534668,10764900,MRK
2012-08-22,42.95000076293945,43.08000183105469,42.79999923706055,42.90999984741211,33.83159637451172,8612500,MRK
2012-08-23,42.90999984741211,42.97999954223633,42.61000061035156,42.79999923706055,33.74485778808594,10049500,MRK
2012-08-24,42.63999938964844,43.33000183105469,42.63999938964844,43.119998931884766,33.99716567993164,10161500,MRK
2012-08-27,42.97999954223633,43.2400016784668,42.84000015258789,43.04999923706055,33.941978454589844,7750900,MRK
2012-08-28,42.970001220703125,43.13999938964844,42.75,42.83000183105469,33.76852035522461,8034200,MRK
2012-08-29,42.95000076293945,43.2400016784668,42.689998626708984,43.060001373291016,33.94986343383789,7608100,MRK
2012-08-30,42.86000061035156,43.27000045776367,42.63999938964844,43.119998931884766,33.99716567993164,8553600,MRK
2012-08-31,43.33000183105469,43.58000183105469,42.90999984741211,43.04999923706055,33.941978454589844,27582400,MRK
2012-09-04,43.13999938964844,43.38999938964844,42.869998931884766,43.25,34.09966278076172,24591000,MRK
2012-09-05,43.38999938964844,43.529998779296875,43.08000183105469,43.439998626708984,34.24946212768555,8334800,MRK
2012-09-06,43.650001525878906,44.2599983215332,43.619998931884766,44.2400016784668,34.88019561767578,9875400,MRK
2012-09-07,44.43000030517578,44.439998626708984,43.91999816894531,44.04999923706055,34.730411529541016,8338300,MRK
2012-09-10,43.970001220703125,44.380001068115234,43.88999938964844,44.2599983215332,34.895965576171875,8995500,MRK
2012-09-11,44.349998474121094,44.56999969482422,44.279998779296875,44.33000183105469,34.95116424560547,8564500,MRK
2012-09-12,44.349998474121094,44.56999969482422,44.310001373291016,44.529998779296875,35.10885238647461,8948500,MRK
2012-09-13,44.08000183105469,44.709999084472656,44.0099983215332,44.65999984741211,35.54662322998047,11859900,MRK
2012-09-14,44.54999923706055,44.54999923706055,43.439998626708984,43.619998931884766,34.718841552734375,16537400,MRK
2012-09-17,43.47999954223633,44.0,43.47999954223633,44.0,35.021305084228516,11010400,MRK
2012-09-18,43.7599983215332,44.13999938964844,43.689998626708984,44.08000183105469,35.08497619628906,7534000,MRK
2012-09-19,44.119998931884766,44.779998779296875,44.09000015258789,44.5099983215332,35.427223205566406,9818100,MRK
2012-09-20,44.36000061035156,44.970001220703125,44.349998474121094,44.88999938964844,35.729671478271484,9965000,MRK
2012-09-21,44.95000076293945,45.25,44.86000061035156,44.90999984741211,35.74559783935547,20254600,MRK
2012-09-24,44.95000076293945,45.25,44.790000915527344,45.13999938964844,35.92866134643555,9989300,MRK
2012-09-25,45.220001220703125,45.70000076293945,44.86000061035156,45.11000061035156,35.90478515625,12805200,MRK
2012-09-26,45.11000061035156,45.369998931884766,45.0,45.0099983215332,35.82520294189453,12652800,MRK
2012-09-27,45.06999969482422,45.439998626708984,45.0099983215332,45.22999954223633,36.00029373168945,9834300,MRK
2012-09-28,45.04999923706055,45.209999084472656,44.779998779296875,45.099998474121094,35.896827697753906,12497300,MRK
2012-10-01,44.970001220703125,45.59000015258789,44.970001220703125,45.220001220703125,35.992340087890625,8553700,MRK
2012-10-02,45.43000030517578,45.599998474121094,45.099998474121094,45.470001220703125,36.19132995605469,7429500,MRK
2012-10-03,45.5,45.869998931884766,45.27000045776367,45.779998779296875,36.43806076049805,8455800,MRK
2012-10-04,45.900001525878906,46.38999938964844,45.849998474121094,46.119998931884766,36.708683013916016,8953800,MRK
2012-10-05,46.41999816894531,46.5,45.86000061035156,46.279998779296875,36.836036682128906,11893000,MRK
2012-10-08,46.16999816894531,46.459999084472656,45.790000915527344,46.34000015258789,36.883785247802734,7033700,MRK
2012-10-09,46.209999084472656,46.540000915527344,46.029998779296875,46.16999816894531,36.74848937988281,10030900,MRK
2012-10-10,46.16999816894531,46.38999938964844,45.400001525878906,45.599998474121094,36.2947998046875,9475300,MRK
2012-10-11,45.88999938964844,45.91999816894531,45.349998474121094,45.45000076293945,36.175411224365234,7022600,MRK
2012-10-12,45.599998474121094,46.0,45.560001373291016,45.619998931884766,36.31071853637695,6844300,MRK
2012-10-15,45.7400016784668,46.630001068115234,45.689998626708984,46.59000015258789,37.0827751159668,10281300,MRK
2012-10-16,46.7400016784668,47.27000045776367,46.709999084472656,47.16999816894531,37.54441452026367,11954200,MRK
2012-10-17,47.08000183105469,47.5,47.08000183105469,47.38999938964844,37.71951675415039,10132900,MRK
2012-10-18,47.290000915527344,48.0,47.279998779296875,47.959999084472656,38.17321014404297,10986100,MRK
2012-10-19,47.939998626708984,47.9900016784668,46.880001068115234,47.029998779296875,37.4329833984375,12976500,MRK
2012-10-22,46.810001373291016,47.029998779296875,46.189998626708984,46.47999954223633,36.995235443115234,14021400,MRK
2012-10-23,46.189998626708984,46.529998779296875,45.869998931884766,45.88999938964844,36.52562713623047,12504200,MRK
2012-10-24,45.95000076293945,46.189998626708984,45.79999923706055,45.880001068115234,36.51765823364258,9639700,MRK
2012-10-25,46.099998474121094,46.34000015258789,46.0099983215332,46.29999923706055,36.85196304321289,10971500,MRK
2012-10-26,45.790000915527344,46.77000045776367,45.790000915527344,46.150001525878906,36.73256301879883,11940500,MRK
2012-10-31,46.41999816894531,46.709999084472656,45.439998626708984,45.630001068115234,36.31867980957031,13535000,MRK
2012-11-01,45.75,46.4900016784668,45.68000030517578,45.939998626708984,36.56541442871094,12166000,MRK
2012-11-02,46.25,46.54999923706055,45.9900016784668,46.0,36.6131706237793,11050500,MRK
2012-11-05,45.81999969482422,46.0,45.310001373291016,45.66999816894531,36.350521087646484,8981200,MRK
2012-11-06,45.689998626708984,46.31999969482422,45.68000030517578,45.91999816894531,36.549495697021484,8735300,MRK
2012-11-07,45.54999923706055,45.66999816894531,44.18000030517578,44.459999084472656,35.38742446899414,24067900,MRK
2012-11-08,44.5099983215332,44.77000045776367,43.84000015258789,43.84000015258789,34.893943786621094,16329900,MRK
2012-11-09,43.689998626708984,44.31999969482422,43.619998931884766,44.04999923706055,35.06109619140625,13995200,MRK
2012-11-12,44.470001220703125,44.52000045776367,43.880001068115234,44.02000045776367,35.037208557128906,7329800,MRK
2012-11-13,43.77000045776367,44.459999084472656,43.66999816894531,43.68000030517578,34.766597747802734,9599100,MRK
2012-11-14,43.70000076293945,43.900001525878906,42.90999984741211,43.04999923706055,34.265159606933594,14206900,MRK
2012-11-15,42.959999084472656,43.13999938964844,42.54999923706055,42.79999923706055,34.066162109375,12283200,MRK
2012-11-16,42.84000015258789,43.22999954223633,42.36000061035156,43.06999969482422,34.28106689453125,16636500,MRK
2012-11-19,43.31999969482422,43.400001525878906,43.09000015258789,43.34000015258789,34.49598693847656,9189700,MRK
2012-11-20,43.41999816894531,43.66999816894531,43.2400016784668,43.560001373291016,34.67109680175781,10905100,MRK
2012-11-21,43.79999923706055,43.93000030517578,43.630001068115234,43.88999938964844,34.93373489379883,7288000,MRK
2012-11-23,43.9900016784668,44.290000915527344,43.91999816894531,44.279998779296875,35.24415588378906,4477800,MRK
2012-11-26,44.0,44.33000183105469,43.91999816894531,44.20000076293945,35.18048095703125,9381100,MRK
2012-11-27,44.029998779296875,44.189998626708984,43.849998474121094,43.880001068115234,34.925785064697266,8869200,MRK
2012-11-28,43.75,44.61000061035156,43.540000915527344,44.599998474121094,35.49885940551758,10614800,MRK
2012-11-29,44.95000076293945,44.95000076293945,44.47999954223633,44.709999084472656,35.5864143371582,9559500,MRK
2012-11-30,44.540000915527344,44.709999084472656,44.119998931884766,44.29999923706055,35.26007080078125,15017200,MRK
2012-12-03,44.470001220703125,44.83000183105469,44.41999816894531,44.439998626708984,35.37151336669922,11620100,MRK
2012-12-04,44.380001068115234,44.779998779296875,44.380001068115234,44.400001525878906,35.33967590332031,9996900,MRK
2012-12-05,44.33000183105469,44.7599983215332,44.22999954223633,44.38999938964844,35.33171081542969,11647000,MRK
2012-12-06,44.45000076293945,44.59000015258789,44.380001068115234,44.5099983215332,35.427223205566406,8817000,MRK
2012-12-07,44.529998779296875,44.63999938964844,44.15999984741211,44.630001068115234,35.52273941040039,7869500,MRK
2012-12-10,44.459999084472656,44.83000183105469,44.41999816894531,44.47999954223633,35.40334701538086,9347500,MRK
2012-12-11,44.65999984741211,45.279998779296875,44.5,45.189998626708984,35.96847152709961,13583500,MRK
2012-12-12,45.209999084472656,45.4900016784668,45.02000045776367,45.2599983215332,36.0241813659668,11250000,MRK
2012-12-13,44.939998626708984,44.939998626708984,43.900001525878906,43.95000076293945,35.31703186035156,13744400,MRK
2012-12-14,43.900001525878906,43.959999084472656,43.40999984741211,43.540000915527344,34.98756408691406,13186000,MRK
2012-12-17,43.630001068115234,43.84000015258789,43.5099983215332,43.630001068115234,35.05989456176758,13280200,MRK
2012-12-18,43.59000015258789,44.400001525878906,43.36000061035156,44.2400016784668,35.55006790161133,14081000,MRK
2012-12-19,44.150001525878906,44.459999084472656,43.61000061035156,43.65999984741211,35.08400344848633,11693100,MRK
2012-12-20,42.45000076293945,42.779998779296875,42.0,42.15999984741211,33.878639221191406,33648000,MRK
2012-12-21,42.41999816894531,42.459999084472656,41.45000076293945,41.52000045776367,33.3643684387207,28709200,MRK
2012-12-24,41.43000030517578,41.75,41.310001373291016,41.41999816894531,33.28398132324219,6482700,MRK
2012-12-26,41.45000076293945,41.58000183105469,41.220001220703125,41.34000015258789,33.2197151184082,7129500,MRK
2012-12-27,41.209999084472656,41.40999984741211,40.79999923706055,41.20000076293945,33.10720443725586,11401600,MRK
2012-12-28,41.0,41.16999816894531,40.630001068115234,40.63999938964844,32.65720748901367,11319400,MRK
2012-12-31,40.279998779296875,40.970001220703125,40.02000045776367,40.939998626708984,32.89826965332031,14317400,MRK
2013-01-02,41.86000061035156,41.869998931884766,40.939998626708984,41.34000015258789,33.2197151184082,15956900,MRK
2013-01-03,41.88999938964844,42.43000030517578,41.11000061035156,42.33000183105469,34.01524353027344,23543400,MRK
2013-01-04,42.459999084472656,42.5,41.81999969482422,41.970001220703125,33.725955963134766,15428500,MRK
2013-01-07,42.040000915527344,42.189998626708984,41.849998474121094,42.119998931884766,33.84649658203125,11503600,MRK
2013-01-08,42.25,42.689998626708984,42.18000030517578,42.18000030517578,33.894718170166016,14750900,MRK
2013-01-09,42.38999938964844,42.650001525878906,42.20000076293945,42.59000015258789,34.224178314208984,10073100,MRK
2013-01-10,42.869998931884766,43.150001525878906,42.75,42.779998779296875,34.376861572265625,12970500,MRK
2013-01-11,42.709999084472656,43.33000183105469,42.709999084472656,43.22999954223633,34.73845672607422,12140100,MRK
2013-01-14,43.310001373291016,43.560001373291016,43.04999923706055,43.34000015258789,34.82685852050781,11117100,MRK
2013-01-15,43.380001068115234,43.540000915527344,42.810001373291016,42.869998931884766,34.449180603027344,11876600,MRK
2013-01-16,42.88999938964844,43.040000915527344,42.5,42.540000915527344,34.18400955200195,11909500,MRK
2013-01-17,42.810001373291016,42.849998474121094,42.540000915527344,42.75,34.352745056152344,15510600,MRK
2013-01-18,42.880001068115234,42.97999954223633,42.650001525878906,42.97999954223633,34.537574768066406,16434100,MRK
2013-01-22,42.77000045776367,43.220001220703125,42.61000061035156,43.20000076293945,34.71435546875,12232600,MRK
2013-01-23,43.0,43.08000183105469,42.54999923706055,42.81999969482422,34.40900421142578,14174300,MRK
2013-01-24,42.95000076293945,43.209999084472656,42.93000030517578,43.0,34.55364990234375,12496300,MRK
2013-01-25,43.119998931884766,43.459999084472656,42.720001220703125,43.459999084472656,34.92329406738281,13167300,MRK
2013-01-28,43.34000015258789,43.5,42.93000030517578,42.93000030517578,34.49738693237305,11850000,MRK
2013-01-29,43.189998626708984,43.7400016784668,42.9900016784668,43.65999984741211,35.08400344848633,15720300,MRK
2013-01-30,43.65999984741211,43.77000045776367,43.459999084472656,43.5,34.95542526245117,12672600,MRK
2013-01-31,43.43000030517578,43.63999938964844,43.25,43.25,34.75454330444336,14539400,MRK
2013-02-01,42.2400016784668,42.75,41.5099983215332,41.83000183105469,33.61346435546875,37688000,MRK
2013-02-04,41.38999938964844,41.65999984741211,40.83000183105469,40.849998474121094,32.825958251953125,29409700,MRK
2013-02-05,41.04999923706055,41.47999954223633,40.93000030517578,41.43000030517578,33.29203414916992,21307300,MRK
2013-02-06,41.349998474121094,41.45000076293945,40.97999954223633,41.09000015258789,33.01881790161133,17383800,MRK
2013-02-07,41.099998474121094,41.29999923706055,40.880001068115234,41.0,32.946502685546875,16174300,MRK
2013-02-08,41.060001373291016,41.18000030517578,40.95000076293945,41.18000030517578,33.09114456176758,14661800,MRK
2013-02-11,41.189998626708984,41.5,41.09000015258789,41.380001068115234,33.25184631347656,11412000,MRK
2013-02-12,41.369998931884766,41.56999969482422,41.130001068115234,41.45000076293945,33.30809020996094,9996000,MRK
2013-02-13,41.41999816894531,41.4900016784668,41.0099983215332,41.150001525878906,33.06703567504883,15803300,MRK
2013-02-14,41.040000915527344,41.220001220703125,40.83000183105469,41.189998626708984,33.09917068481445,16332800,MRK
2013-02-15,41.459999084472656,41.5,41.2400016784668,41.41999816894531,33.28398132324219,15579100,MRK
2013-02-19,41.599998474121094,42.220001220703125,41.58000183105469,42.220001220703125,33.926856994628906,13306100,MRK
2013-02-20,42.36000061035156,42.75,42.220001220703125,42.65999984741211,34.280433654785156,16800900,MRK
2013-02-21,42.5,42.56999969482422,42.27000045776367,42.5,34.15186309814453,11823000,MRK
2013-02-22,42.58000183105469,43.27000045776367,42.529998779296875,42.970001220703125,34.529537200927734,15393900,MRK
2013-02-25,43.310001373291016,43.45000076293945,42.5099983215332,42.52000045776367,34.16792678833008,19407300,MRK
2013-02-26,42.75,42.79999923706055,42.099998474121094,42.41999816894531,34.087562561035156,13903100,MRK
2013-02-27,42.27000045776367,43.150001525878906,42.27000045776367,42.970001220703125,34.529537200927734,12917100,MRK
2013-02-28,43.0099983215332,43.209999084472656,42.72999954223633,42.72999954223633,34.336673736572266,14211300,MRK
2013-03-01,42.33000183105469,42.66999816894531,42.33000183105469,42.630001068115234,34.256317138671875,14816300,MRK
2013-03-04,42.91999816894531,43.349998474121094,42.7599983215332,43.34000015258789,34.82685852050781,14160200,MRK
2013-03-05,43.599998474121094,43.650001525878906,43.099998474121094,43.25,34.75454330444336,15118100,MRK
2013-03-06,43.29999923706055,43.7400016784668,43.060001373291016,43.68000030517578,35.10007858276367,18417100,MRK
2013-03-07,43.81999969482422,43.93000030517578,43.09000015258789,43.27000045776367,34.770606994628906,13733600,MRK
2013-03-08,43.400001525878906,43.5,42.91999816894531,42.970001220703125,34.529537200927734,29273300,MRK
2013-03-11,42.95000076293945,43.66999816894531,42.869998931884766,43.65999984741211,35.08400344848633,38638100,MRK
2013-03-12,45.41999816894531,45.41999816894531,44.880001068115234,45.040000915527344,36.192935943603516,56007500,MRK
2013-03-13,44.540000915527344,44.72999954223633,44.47999954223633,44.59000015258789,36.17670440673828,17921200,MRK
2013-03-14,44.709999084472656,44.75,43.599998474121094,44.27000045776367,35.917083740234375,25893400,MRK
2013-03-15,43.83000183105469,44.09000015258789,43.790000915527344,44.09000015258789,35.77103805541992,24331900,MRK
2013-03-18,43.779998779296875,43.939998626708984,43.56999969482422,43.630001068115234,35.397830963134766,12117700,MRK
2013-03-19,43.70000076293945,43.84000015258789,43.599998474121094,43.70000076293945,35.45463180541992,15504100,MRK
2013-03-20,44.0,44.290000915527344,43.880001068115234,44.119998931884766,35.795387268066406,14974300,MRK
2013-03-21,44.029998779296875,44.18000030517578,43.7599983215332,43.790000915527344,35.52764892578125,11904600,MRK
2013-03-22,43.86000061035156,44.11000061035156,43.79999923706055,43.900001525878906,35.61688995361328,9984000,MRK
2013-03-25,43.95000076293945,44.0,43.5099983215332,43.689998626708984,35.44651412963867,13117100,MRK
2013-03-26,43.95000076293945,44.400001525878906,43.900001525878906,44.38999938964844,36.014434814453125,12112700,MRK
2013-03-27,44.130001068115234,44.25,43.90999984741211,44.099998474121094,35.77915573120117,10970900,MRK
2013-03-28,44.04999923706055,44.310001373291016,43.959999084472656,44.20000076293945,35.86029052734375,16641700,MRK
2013-04-01,44.0,44.369998931884766,43.77000045776367,44.349998474121094,35.98198699951172,9901900,MRK
2013-04-02,44.5099983215332,45.0,44.41999816894531,44.90999984741211,36.43632507324219,12786500,MRK
2013-04-03,45.0,46.15999984741211,45.0,45.36000061035156,36.80141830444336,25872200,MRK
2013-04-04,45.38999938964844,45.880001068115234,45.0099983215332,45.31999969482422,36.76896667480469,13967400,MRK
2013-04-05,45.040000915527344,45.22999954223633,44.88999938964844,45.130001068115234,36.61481857299805,12601500,MRK
2013-04-08,45.09000015258789,45.47999954223633,44.959999084472656,45.47999954223633,36.89876937866211,10153500,MRK
2013-04-09,45.72999954223633,45.939998626708984,45.34000015258789,45.5099983215332,36.92311477661133,10599300,MRK
2013-04-10,45.90999984741211,46.970001220703125,45.779998779296875,46.84000015258789,38.002159118652344,18735100,MRK
2013-04-11,46.68000030517578,47.5099983215332,46.68000030517578,47.209999084472656,38.30236053466797,17537900,MRK
2013-04-12,46.66999816894531,47.130001068115234,46.650001525878906,47.11000061035156,38.221221923828125,10064400,MRK
2013-04-15,46.88999938964844,47.5,46.459999084472656,46.459999084472656,37.69386672973633,15347300,MRK
2013-04-16,46.63999938964844,47.04999923706055,46.5,46.959999084472656,38.09952163696289,10185700,MRK
2013-04-17,46.720001220703125,46.90999984741211,46.40999984741211,46.7599983215332,37.93726348876953,11777200,MRK
2013-04-18,46.86000061035156,46.97999954223633,46.4900016784668,46.560001373291016,37.77499771118164,11272600,MRK
2013-04-19,46.86000061035156,47.4900016784668,46.65999984741211,47.4900016784668,38.52953338623047,12705300,MRK
2013-04-22,47.45000076293945,47.970001220703125,47.18000030517578,47.91999816894531,38.878387451171875,14265400,MRK
2013-04-23,47.95000076293945,48.70000076293945,47.93000030517578,48.630001068115234,39.454429626464844,17653500,MRK
2013-04-24,48.66999816894531,48.790000915527344,47.869998931884766,47.95000076293945,38.902732849121094,15546200,MRK
2013-04-25,47.95000076293945,48.0,47.279998779296875,47.349998474121094,38.41593933105469,15937100,MRK
2013-04-26,47.27000045776367,48.06999969482422,47.11000061035156,47.869998931884766,38.837825775146484,10601600,MRK
2013-04-29,47.880001068115234,48.119998931884766,47.720001220703125,47.81999969482422,38.79726028442383,11375900,MRK
2013-04-30,47.75,47.84000015258789,47.0,47.0,38.131980895996094,19744700,MRK
2013-05-01,44.79999923706055,46.310001373291016,44.599998474121094,45.689998626708984,37.06915283203125,39740800,MRK
2013-05-02,45.900001525878906,46.0099983215332,45.4900016784668,45.72999954223633,37.101600646972656,14245600,MRK
2013-05-03,46.25,46.380001068115234,45.459999084472656,45.66999816894531,37.05292510986328,12874600,MRK
2013-05-06,45.5099983215332,46.0,44.970001220703125,44.97999954223633,36.493106842041016,14096300,MRK
2013-05-07,45.099998474121094,45.29999923706055,44.880001068115234,45.27000045776367,36.72840881347656,14528700,MRK
2013-05-08,45.119998931884766,45.599998474121094,44.970001220703125,44.9900016784668,36.50122833251953,18308300,MRK
2013-05-09,45.25,45.619998931884766,44.95000076293945,45.4900016784668,36.90690231323242,14175700,MRK
2013-05-10,45.540000915527344,45.95000076293945,45.4900016784668,45.95000076293945,37.280094146728516,13923800,MRK
2013-05-13,45.84000015258789,46.22999954223633,45.68000030517578,46.16999816894531,37.45859146118164,10246200,MRK
2013-05-14,46.119998931884766,46.77000045776367,46.0,46.650001525878906,37.848018646240234,13413900,MRK
2013-05-15,46.72999954223633,47.2599983215332,46.459999084472656,46.72999954223633,37.912925720214844,13197800,MRK
2013-05-16,46.58000183105469,46.70000076293945,45.0099983215332,46.369998931884766,37.620853424072266,11962700,MRK
2013-05-17,46.290000915527344,46.709999084472656,45.08000183105469,45.9900016784668,37.31255340576172,21730400,MRK
2013-05-20,45.959999084472656,46.02000045776367,45.099998474121094,45.209999084472656,36.67971420288086,16730000,MRK
2013-05-21,45.2400016784668,47.529998779296875,45.189998626708984,47.33000183105469,38.399715423583984,47020700,MRK
2013-05-22,47.599998474121094,48.29999923706055,46.4900016784668,46.709999084472656,37.896705627441406,42624900,MRK
2013-05-23,46.459999084472656,47.439998626708984,46.41999816894531,47.33000183105469,38.399715423583984,22579600,MRK
2013-05-24,47.04999923706055,47.15999984741211,46.599998474121094,47.15999984741211,38.26179122924805,15796000,MRK
2013-05-28,47.939998626708984,48.63999938964844,47.52000045776367,47.619998931884766,38.6349983215332,17663900,MRK
2013-05-29,47.290000915527344,47.470001220703125,46.5099983215332,46.869998931884766,38.02650451660156,16051700,MRK
2013-05-30,47.02000045776367,47.38999938964844,46.7400016784668,47.06999969482422,38.188777923583984,15203500,MRK
2013-05-31,46.93000030517578,47.68000030517578,46.689998626708984,46.70000076293945,37.88857650756836,21726100,MRK
2013-06-03,48.93000030517578,49.36000061035156,48.310001373291016,48.45000076293945,39.30839157104492,37982300,MRK
2013-06-04,48.20000076293945,50.15999984741211,48.16999816894531,49.439998626708984,40.111595153808594,37008600,MRK
2013-06-05,49.02000045776367,49.72999954223633,48.470001220703125,48.72999954223633,39.53556442260742,24923100,MRK
2013-06-06,48.63999938964844,48.72999954223633,47.75,48.599998474121094,39.430084228515625,19895900,MRK
2013-06-07,48.77000045776367,49.13999938964844,48.099998474121094,48.189998626708984,39.09744644165039,50431900,MRK
2013-06-10,48.650001525878906,48.88999938964844,48.36000061035156,48.459999084472656,39.31650161743164,48557200,MRK
2013-06-11,48.06999969482422,48.20000076293945,47.54999923706055,47.560001373291016,38.58632278442383,54150100,MRK
2013-06-12,47.88999938964844,48.099998474121094,47.22999954223633,47.25,38.33480453491211,16853900,MRK
2013-06-13,46.7400016784668,47.939998626708984,46.4900016784668,47.900001525878906,39.219093322753906,14773200,MRK
2013-06-14,47.77000045776367,48.529998779296875,47.5,47.95000076293945,39.2600212097168,13632300,MRK
2013-06-17,48.33000183105469,48.54999923706055,47.560001373291016,47.79999923706055,39.13720703125,12485200,MRK
2013-06-18,47.880001068115234,48.04999923706055,47.65999984741211,47.75,39.09626770019531,11816800,MRK
2013-06-19,47.709999084472656,48.16999816894531,47.45000076293945,47.58000183105469,38.95708084106445,17994200,MRK
2013-06-20,47.41999816894531,47.41999816894531,46.209999084472656,46.310001373291016,37.917236328125,17824900,MRK
2013-06-21,46.869998931884766,47.599998474121094,46.66999816894531,47.0,38.48219680786133,24287800,MRK
2013-06-24,46.470001220703125,46.86000061035156,46.060001373291016,46.40999984741211,37.999122619628906,18080700,MRK
2013-06-25,46.529998779296875,46.68000030517578,46.08000183105469,46.22999954223633,37.851741790771484,12023000,MRK
2013-06-26,46.599998474121094,46.90999984741211,46.279998779296875,46.689998626708984,38.228370666503906,11435900,MRK
2013-06-27,47.029998779296875,47.36000061035156,46.869998931884766,47.279998779296875,38.71144104003906,11639800,MRK
2013-06-28,47.459999084472656,47.47999954223633,46.45000076293945,46.45000076293945,38.03186798095703,16339800,MRK
2013-07-01,46.2599983215332,46.849998474121094,46.220001220703125,46.31999969482422,37.9254264831543,13112200,MRK
2013-07-02,46.09000015258789,46.72999954223633,46.029998779296875,46.54999923706055,38.113739013671875,11315900,MRK
2013-07-03,46.47999954223633,46.72999954223633,46.15999984741211,46.54999923706055,38.113739013671875,6874000,MRK
2013-07-05,46.93000030517578,47.29999923706055,46.61000061035156,47.15999984741211,38.61319351196289,8103000,MRK
2013-07-08,47.369998931884766,47.630001068115234,47.2400016784668,47.40999984741211,38.817893981933594,10977400,MRK
2013-07-09,47.720001220703125,48.0,47.61000061035156,47.619998931884766,38.98982620239258,10316700,MRK
2013-07-10,47.619998931884766,48.18000030517578,47.59000015258789,47.959999084472656,39.26821517944336,7780700,MRK
2013-07-11,48.43000030517578,48.5,48.130001068115234,48.310001373291016,39.55479049682617,11442000,MRK
2013-07-12,48.400001525878906,48.65999984741211,48.189998626708984,48.540000915527344,39.74309158325195,8855500,MRK
2013-07-15,48.5099983215332,48.88999938964844,48.2599983215332,48.52000045776367,39.72673034667969,9654400,MRK
2013-07-16,48.560001373291016,48.83000183105469,48.029998779296875,48.22999954223633,39.489280700683594,15273600,MRK
2013-07-17,48.279998779296875,48.77000045776367,48.130001068115234,48.130001068115234,39.40740203857422,9507800,MRK
2013-07-18,48.029998779296875,48.130001068115234,47.349998474121094,47.400001525878906,38.8097038269043,17822000,MRK
2013-07-19,47.470001220703125,47.91999816894531,47.20000076293945,47.790000915527344,39.12902069091797,14228700,MRK
2013-07-22,47.849998474121094,48.25,47.54999923706055,47.720001220703125,39.07169723510742,11318700,MRK
2013-07-23,47.810001373291016,48.220001220703125,47.540000915527344,47.93000030517578,39.24365234375,9242000,MRK
2013-07-24,47.91999816894531,48.040000915527344,47.5099983215332,47.77000045776367,39.112648010253906,8941200,MRK
2013-07-25,47.529998779296875,48.189998626708984,47.349998474121094,48.16999816894531,39.440147399902344,10040400,MRK
2013-07-26,48.04999923706055,48.4900016784668,47.779998779296875,48.4900016784668,39.70215606689453,9846200,MRK
2013-07-29,48.27000045776367,48.790000915527344,48.150001525878906,48.34000015258789,39.579341888427734,10291600,MRK
2013-07-30,48.290000915527344,49.08000183105469,47.84000015258789,48.04999923706055,39.34189987182617,16778200,MRK
2013-07-31,48.5,48.72999954223633,47.970001220703125,48.16999816894531,39.440147399902344,21576400,MRK
2013-08-01,48.439998626708984,48.68000030517578,48.040000915527344,48.58000183105469,39.77584457397461,13547800,MRK
2013-08-02,48.439998626708984,48.540000915527344,48.18000030517578,48.540000915527344,39.74309158325195,8922200,MRK
2013-08-05,48.38999938964844,48.65999984741211,48.06999969482422,48.529998779296875,39.734901428222656,6789100,MRK
2013-08-06,48.47999954223633,48.59000015258789,48.09000015258789,48.439998626708984,39.661216735839844,9944500,MRK
2013-08-07,48.349998474121094,48.75,48.349998474121094,48.54999923706055,39.75128173828125,9666300,MRK
2013-08-08,48.65999984741211,48.84000015258789,48.189998626708984,48.470001220703125,39.685787200927734,8631400,MRK
2013-08-09,48.439998626708984,48.779998779296875,48.2599983215332,48.38999938964844,39.620277404785156,7888200,MRK
2013-08-12,48.15999984741211,48.810001373291016,48.09000015258789,48.470001220703125,39.685787200927734,9935100,MRK
2013-08-13,48.52000045776367,48.849998474121094,48.08000183105469,48.43000030517578,39.65303421020508,7455100,MRK
2013-08-14,48.54999923706055,48.7599983215332,48.40999984741211,48.56999969482422,39.76765823364258,8530900,MRK
2013-08-15,48.279998779296875,48.36000061035156,47.849998474121094,47.970001220703125,39.276397705078125,11341500,MRK
2013-08-16,47.790000915527344,48.0,47.47999954223633,47.70000076293945,39.05533218383789,13200400,MRK
2013-08-19,47.470001220703125,47.79999923706055,47.45000076293945,47.58000183105469,38.95708084106445,8378300,MRK
2013-08-20,47.650001525878906,48.380001068115234,47.560001373291016,47.560001373291016,38.940711975097656,14095000,MRK
2013-08-21,47.560001373291016,48.040000915527344,47.29999923706055,47.459999084472656,38.85882568359375,10800000,MRK
2013-08-22,47.630001068115234,47.97999954223633,47.400001525878906,47.810001373291016,39.1453971862793,8630300,MRK
2013-08-23,47.97999954223633,47.97999954223633,47.45000076293945,47.72999954223633,39.07987976074219,9176300,MRK
2013-08-26,47.79999923706055,47.900001525878906,47.529998779296875,47.619998931884766,38.98982620239258,9220200,MRK
2013-08-27,47.31999969482422,47.52000045776367,46.93000030517578,47.11000061035156,38.57225036621094,10842400,MRK
2013-08-28,46.779998779296875,47.400001525878906,46.470001220703125,47.09000015258789,38.55588150024414,9812200,MRK
2013-08-29,46.970001220703125,47.400001525878906,46.790000915527344,47.099998474121094,38.56406021118164,9695400,MRK
2013-08-30,47.09000015258789,47.47999954223633,47.02000045776367,47.290000915527344,38.71963882446289,8326300,MRK
2013-09-03,47.52000045776367,47.65999984741211,47.0099983215332,47.209999084472656,38.65413284301758,14212400,MRK
2013-09-04,47.130001068115234,47.880001068115234,47.11000061035156,47.68000030517578,39.03895568847656,11065200,MRK
2013-09-05,47.790000915527344,47.790000915527344,47.2599983215332,47.5099983215332,38.89976119995117,7898200,MRK
2013-09-06,47.56999969482422,47.81999969482422,47.060001373291016,47.4900016784668,38.88338851928711,26664900,MRK
2013-09-09,47.599998474121094,47.849998474121094,47.47999954223633,47.7400016784668,39.08808517456055,29180200,MRK
2013-09-10,47.86000061035156,48.400001525878906,47.86000061035156,47.97999954223633,39.28459548950195,30808600,MRK
2013-09-11,48.029998779296875,48.5099983215332,47.959999084472656,48.13999938964844,39.415592193603516,13379100,MRK
2013-09-12,47.79999923706055,47.97999954223633,47.650001525878906,47.849998474121094,39.5312385559082,9502400,MRK
2013-09-13,47.880001068115234,47.9900016784668,47.66999816894531,47.790000915527344,39.48167419433594,7681000,MRK
2013-09-16,48.25,48.45000076293945,48.099998474121094,48.189998626708984,39.8121337890625,9428200,MRK
2013-09-17,48.11000061035156,48.22999954223633,47.939998626708984,48.0099983215332,39.66343307495117,7703300,MRK
2013-09-18,47.810001373291016,48.709999084472656,47.630001068115234,48.400001525878906,39.98563003540039,14008700,MRK
2013-09-19,48.470001220703125,48.4900016784668,48.099998474121094,48.2599983215332,39.86996841430664,9328000,MRK
2013-09-20,48.33000183105469,48.400001525878906,47.869998931884766,48.0099983215332,39.66343307495117,27961000,MRK
2013-09-23,47.790000915527344,48.060001373291016,47.540000915527344,47.68000030517578,39.390804290771484,12605700,MRK
2013-09-24,47.630001068115234,48.220001220703125,47.52000045776367,47.529998779296875,39.26688003540039,13300600,MRK
2013-09-25,47.66999816894531,47.9900016784668,47.41999816894531,47.66999816894531,39.382545471191406,11356300,MRK
2013-09-26,47.779998779296875,48.0,47.5099983215332,47.68000030517578,39.390804290771484,10261100,MRK
2013-09-27,47.56999969482422,47.90999984741211,47.290000915527344,47.790000915527344,39.48167419433594,10510300,MRK
2013-09-30,47.63999938964844,47.869998931884766,47.290000915527344,47.61000061035156,39.332977294921875,16244000,MRK
2013-10-01,48.91999816894531,49.22999954223633,48.150001525878906,48.7400016784668,40.26652145385742,27339200,MRK
2013-10-02,48.45000076293945,48.54999923706055,48.119998931884766,48.369998931884766,39.96084976196289,13975300,MRK
2013-10-03,48.220001220703125,48.75,48.0,48.36000061035156,39.95258331298828,17900500,MRK
2013-10-04,48.27000045776367,48.36000061035156,47.939998626708984,48.22999954223633,39.845191955566406,11570800,MRK
2013-10-07,47.91999816894531,48.22999954223633,47.68000030517578,47.88999938964844,39.564300537109375,9195800,MRK
2013-10-08,47.84000015258789,48.150001525878906,47.63999938964844,47.75,39.44863510131836,14020700,MRK
2013-10-09,47.689998626708984,47.81999969482422,47.13999938964844,47.27000045776367,39.052085876464844,15353400,MRK
2013-10-10,47.599998474121094,47.630001068115234,46.959999084472656,47.4900016784668,39.23383331298828,17262400,MRK
2013-10-11,47.41999816894531,47.4900016784668,47.150001525878906,47.290000915527344,39.068607330322266,10253500,MRK
2013-10-14,46.79999923706055,47.08000183105469,46.439998626708984,46.75,38.622493743896484,20674500,MRK
2013-10-15,46.52000045776367,46.83000183105469,46.41999816894531,46.56999969482422,38.473785400390625,14161000,MRK
2013-10-16,46.61000061035156,47.16999816894531,46.56999969482422,47.16999816894531,38.96946334838867,11102700,MRK
2013-10-17,47.130001068115234,47.279998779296875,46.88999938964844,47.11000061035156,38.91990280151367,13878500,MRK
2013-10-18,47.369998931884766,47.45000076293945,46.470001220703125,46.61000061035156,38.5068244934082,20632400,MRK
2013-10-21,46.70000076293945,46.720001220703125,46.08000183105469,46.5099983215332,38.42420196533203,16678000,MRK
2013-10-22,46.310001373291016,46.720001220703125,46.13999938964844,46.470001220703125,38.39116668701172,15841500,MRK
2013-10-23,46.599998474121094,46.720001220703125,46.47999954223633,46.560001373291016,38.46551513671875,9650700,MRK
2013-10-24,46.79999923706055,46.86000061035156,46.189998626708984,46.220001220703125,38.18463897705078,11201100,MRK
2013-10-25,46.25,46.58000183105469,45.849998474121094,46.540000915527344,38.44899368286133,17894000,MRK
2013-10-28,45.56999969482422,45.81999969482422,45.209999084472656,45.349998474121094,37.46586608886719,27297600,MRK
2013-10-29,45.40999984741211,45.66999816894531,45.08000183105469,45.58000183105469,37.6558837890625,15890000,MRK
2013-10-30,45.75,45.7599983215332,45.11000061035156,45.2400016784668,37.37500762939453,9958500,MRK
2013-10-31,45.310001373291016,45.459999084472656,45.09000015258789,45.09000015258789,37.25107955932617,14994200,MRK
2013-11-01,44.869998931884766,45.349998474121094,44.619998931884766,45.22999954223633,37.36674118041992,20893500,MRK
2013-11-04,45.91999816894531,46.27000045776367,45.65999984741211,45.720001220703125,37.771549224853516,16177500,MRK
2013-11-05,45.59000015258789,45.779998779296875,45.31999969482422,45.36000061035156,37.47412872314453,10420500,MRK
2013-11-06,45.560001373291016,46.02000045776367,45.34000015258789,45.959999084472656,37.96981430053711,12361300,MRK
2013-11-07,46.150001525878906,46.2400016784668,45.779998779296875,45.81999969482422,37.85416793823242,11675400,MRK
2013-11-08,45.93000030517578,46.869998931884766,45.86000061035156,46.79999923706055,38.66379165649414,17423800,MRK
2013-11-11,46.90999984741211,47.150001525878906,46.880001068115234,47.0,38.82902526855469,7533400,MRK
2013-11-12,46.95000076293945,47.630001068115234,46.79999923706055,47.59000015258789,39.31645202636719,13950600,MRK
2013-11-13,46.7400016784668,47.369998931884766,46.650001525878906,47.34000015258789,39.10991668701172,14157400,MRK
2013-11-14,47.52000045776367,47.869998931884766,47.5,47.81999969482422,39.506465911865234,11280600,MRK
2013-11-15,47.630001068115234,48.279998779296875,47.630001068115234,48.06999969482422,39.71299743652344,11991500,MRK
2013-11-18,48.040000915527344,48.2599983215332,47.779998779296875,48.0099983215332,39.66343307495117,7930100,MRK
2013-11-19,48.04999923706055,48.16999816894531,47.650001525878906,48.06999969482422,39.71299743652344,8345300,MRK
2013-11-20,47.97999954223633,48.41999816894531,47.75,48.130001068115234,39.7625732421875,8251900,MRK
2013-11-21,48.220001220703125,48.70000076293945,48.15999984741211,48.619998931884766,40.16739273071289,12837100,MRK
2013-11-22,48.4900016784668,49.040000915527344,48.439998626708984,48.939998626708984,40.43175506591797,13967900,MRK
2013-11-25,48.95000076293945,49.84000015258789,48.939998626708984,49.65999984741211,41.02657699584961,18282100,MRK
2013-11-26,49.65999984741211,49.75,49.15999984741211,49.58000183105469,40.960487365722656,22939300,MRK
2013-11-27,49.59000015258789,49.90999984741211,49.560001373291016,49.83000183105469,41.16703796386719,11565500,MRK
2013-11-29,49.790000915527344,49.95000076293945,49.47999954223633,49.83000183105469,41.16703796386719,6900000,MRK
2013-12-02,49.7400016784668,50.41999816894531,49.7400016784668,50.18000030517578,41.4561767578125,14829900,MRK
2013-12-03,49.81999969482422,50.060001373291016,49.380001068115234,49.7599983215332,41.10918426513672,13604400,MRK
2013-12-04,49.599998474121094,49.650001525878906,48.81999969482422,49.310001373291016,40.7374382019043,11451600,MRK
2013-12-05,48.90999984741211,49.25,48.77000045776367,48.810001373291016,40.32435989379883,8721900,MRK
2013-12-06,49.130001068115234,49.56999969482422,48.959999084472656,49.38999938964844,40.803524017333984,7403200,MRK
2013-12-09,49.380001068115234,49.849998474121094,49.20000076293945,49.560001373291016,40.9439697265625,9331500,MRK
2013-12-10,49.279998779296875,49.54999923706055,49.099998474121094,49.43000030517578,40.83656692504883,10236400,MRK
2013-12-11,49.5099983215332,49.529998779296875,48.75,48.95000076293945,40.44001770019531,14504000,MRK
2013-12-12,48.56999969482422,48.779998779296875,48.029998779296875,48.31999969482422,40.28163146972656,11611700,MRK
2013-12-13,48.7400016784668,48.900001525878906,48.060001373291016,48.380001068115234,40.331642150878906,8396300,MRK
2013-12-16,48.29999923706055,48.59000015258789,47.88999938964844,48.09000015258789,40.08988952636719,11349200,MRK
2013-12-17,47.93000030517578,48.0,47.61000061035156,47.900001525878906,39.93149185180664,13900000,MRK
2013-12-18,47.869998931884766,48.93000030517578,47.650001525878906,48.900001525878906,40.76513671875,13549700,MRK
2013-12-19,48.75,48.95000076293945,48.529998779296875,48.790000915527344,40.67343521118164,8762400,MRK
2013-12-20,48.86000061035156,49.45000076293945,48.630001068115234,49.31999969482422,41.115264892578125,16805100,MRK
2013-12-23,49.439998626708984,49.70000076293945,49.25,49.36000061035156,41.14860916137695,8263900,MRK
2013-12-24,49.43000030517578,49.66999816894531,49.22999954223633,49.40999984741211,41.1902961730957,4252900,MRK
2013-12-26,49.439998626708984,49.75,49.36000061035156,49.720001220703125,41.4487190246582,5069800,MRK
2013-12-27,49.77000045776367,49.900001525878906,49.529998779296875,49.790000915527344,41.50707244873047,4244300,MRK
2013-12-30,49.7400016784668,49.939998626708984,49.33000183105469,49.939998626708984,41.63211441040039,6321900,MRK
2013-12-31,49.7400016784668,50.08000183105469,49.529998779296875,50.04999923706055,41.72382736206055,8474900,MRK
2014-01-02,49.880001068115234,50.040000915527344,49.29999923706055,49.4900016784668,41.25698471069336,7886500,MRK
2014-01-03,49.4900016784668,50.0,49.459999084472656,49.72999954223633,41.45705795288086,6435000,MRK
2014-01-06,49.810001373291016,50.13999938964844,49.5099983215332,49.7400016784668,41.465396881103516,9931400,MRK
2014-01-07,49.959999084472656,50.400001525878906,49.939998626708984,50.11000061035156,41.77384567260742,9995800,MRK
2014-01-08,50.099998474121094,50.13999938964844,49.599998474121094,49.790000915527344,41.50707244873047,13695700,MRK
2014-01-09,49.81999969482422,50.0,49.34000015258789,49.52000045776367,41.28199005126953,9323900,MRK
2014-01-10,49.83000183105469,50.06999969482422,49.5,49.880001068115234,41.58210754394531,8143100,MRK
2014-01-13,50.900001525878906,53.439998626708984,50.790000915527344,53.119998931884766,44.283103942871094,37291300,MRK
2014-01-14,52.529998779296875,53.099998474121094,52.16999816894531,53.0,44.18307113647461,21190700,MRK
2014-01-15,52.650001525878906,52.900001525878906,52.349998474121094,52.52000045776367,43.782920837402344,10488000,MRK
2014-01-16,52.150001525878906,52.97999954223633,52.099998474121094,52.5,43.76624298095703,7769600,MRK
2014-01-17,52.619998931884766,52.650001525878906,51.720001220703125,51.95000076293945,43.307743072509766,16758800,MRK
2014-01-21,52.029998779296875,52.25,51.709999084472656,51.83000183105469,43.20771789550781,11035500,MRK
2014-01-22,51.77000045776367,51.97999954223633,51.279998779296875,51.349998474121094,42.80755615234375,10653600,MRK
2014-01-23,51.209999084472656,51.75,50.86000061035156,51.599998474121094,43.01596450805664,15877800,MRK
2014-01-24,51.27000045776367,52.16999816894531,51.130001068115234,51.97999954223633,43.33275604248047,18261300,MRK
2014-01-27,52.86000061035156,54.099998474121094,52.529998779296875,52.529998779296875,43.791259765625,31002000,MRK
2014-01-28,52.369998931884766,53.09000015258789,52.220001220703125,52.869998931884766,44.0746955871582,15078200,MRK
2014-01-29,52.70000076293945,52.84000015258789,51.779998779296875,52.209999084472656,43.524505615234375,19346100,MRK
2014-01-30,52.459999084472656,53.66999816894531,52.380001068115234,53.5099983215332,44.60822677612305,17371800,MRK
2014-01-31,53.310001373291016,53.47999954223633,52.7599983215332,52.970001220703125,44.1580696105957,16290000,MRK
2014-02-03,52.90999984741211,53.150001525878906,51.91999816894531,52.08000183105469,43.41611862182617,15488600,MRK
2014-02-04,52.59000015258789,53.52000045776367,52.400001525878906,53.5099983215332,44.60822677612305,18181900,MRK
2014-02-05,54.279998779296875,55.20000076293945,53.13999938964844,53.529998779296875,44.62490463256836,24506300,MRK
2014-02-06,53.2599983215332,53.869998931884766,52.79999923706055,53.77000045776367,44.82497787475586,12244800,MRK
2014-02-07,53.650001525878906,54.81999969482422,53.439998626708984,54.77000045776367,45.658626556396484,14497100,MRK
2014-02-10,54.290000915527344,55.0,54.220001220703125,54.88999938964844,45.75864791870117,10609600,MRK
2014-02-11,54.709999084472656,55.75,54.439998626708984,55.70000076293945,46.43390655517578,15352600,MRK
2014-02-12,55.439998626708984,55.689998626708984,54.849998474121094,55.0,45.85036087036133,13629700,MRK
2014-02-13,54.45000076293945,55.209999084472656,54.40999984741211,55.099998474121094,45.9337158203125,10243400,MRK
2014-02-14,54.95000076293945,55.619998931884766,54.95000076293945,55.439998626708984,46.2171630859375,8681900,MRK
2014-02-18,55.220001220703125,55.93000030517578,55.130001068115234,55.689998626708984,46.425575256347656,11201100,MRK
2014-02-19,55.439998626708984,55.65999984741211,54.9900016784668,55.040000915527344,45.88370132446289,10297100,MRK
2014-02-20,55.11000061035156,56.0,55.029998779296875,55.810001373291016,46.52560806274414,10133100,MRK
2014-02-21,55.849998474121094,56.34000015258789,55.81999969482422,56.029998779296875,46.70901107788086,11666600,MRK
2014-02-24,55.869998931884766,56.91999816894531,55.869998931884766,56.18000030517578,46.834049224853516,11012500,MRK
2014-02-25,56.130001068115234,56.38999938964844,55.79999923706055,55.90999984741211,46.608970642089844,8514500,MRK
2014-02-26,56.0,56.45000076293945,55.91999816894531,56.27000045776367,46.90908432006836,10139500,MRK
2014-02-27,56.2400016784668,56.66999816894531,56.0,56.65999984741211,47.23420333862305,9055500,MRK
2014-02-28,56.72999954223633,57.459999084472656,56.650001525878906,56.9900016784668,47.50930404663086,11886600,MRK
2014-03-03,56.099998474121094,56.77000045776367,55.95000076293945,56.41999816894531,47.03412628173828,9821800,MRK
2014-03-04,57.040000915527344,57.38999938964844,56.90999984741211,57.060001373291016,47.56765365600586,10995900,MRK
2014-03-05,57.400001525878906,57.439998626708984,56.52000045776367,56.880001068115234,47.417606353759766,9042300,MRK
2014-03-06,57.060001373291016,57.650001525878906,57.0099983215332,57.2599983215332,47.73440170288086,10605700,MRK
2014-03-07,57.349998474121094,57.56999969482422,57.099998474121094,57.470001220703125,47.90945816040039,10634200,MRK
2014-03-10,57.439998626708984,57.619998931884766,57.0,57.31999969482422,47.78440475463867,7383200,MRK
2014-03-11,57.400001525878906,57.439998626708984,56.56999969482422,56.689998626708984,47.25921630859375,10885500,MRK
2014-03-12,56.38999938964844,56.93000030517578,56.2599983215332,56.810001373291016,47.35924530029297,9498300,MRK
2014-03-13,56.61000061035156,56.790000915527344,55.720001220703125,55.790000915527344,46.8719596862793,10120000,MRK
2014-03-14,55.529998779296875,56.02000045776367,55.27000045776367,55.70000076293945,46.796356201171875,12117800,MRK
2014-03-17,55.95000076293945,56.45000076293945,55.95000076293945,56.2599983215332,47.2668342590332,9509400,MRK
2014-03-18,56.310001373291016,56.560001373291016,56.15999984741211,56.36000061035156,47.35084533691406,7070900,MRK
2014-03-19,56.68000030517578,56.90999984741211,55.63999938964844,55.9900016784668,47.03999710083008,10048400,MRK
2014-03-20,55.83000183105469,55.880001068115234,55.310001373291016,55.59000015258789,46.70393753051758,8460800,MRK
2014-03-21,56.5,56.599998474121094,54.619998931884766,54.65999984741211,45.9225959777832,23424900,MRK
2014-03-24,54.86000061035156,54.86000061035156,53.56999969482422,53.779998779296875,45.183258056640625,15500800,MRK
2014-03-25,53.880001068115234,55.47999954223633,53.810001373291016,55.189998626708984,46.36787796020508,14115700,MRK
2014-03-26,55.43000030517578,56.459999084472656,55.38999938964844,56.02000045776367,47.06520462036133,13073600,MRK
2014-03-27,55.88999938964844,56.11000061035156,55.33000183105469,55.72999954223633,46.8215446472168,11123800,MRK
2014-03-28,56.209999084472656,56.959999084472656,55.77000045776367,55.97999954223633,47.03158950805664,8960300,MRK
2014-03-31,56.09000015258789,56.84000015258789,56.040000915527344,56.77000045776367,47.6953010559082,14181200,MRK
2014-04-01,56.650001525878906,56.84000015258789,56.0099983215332,56.369998931884766,47.3592414855957,7715400,MRK
2014-04-02,56.47999954223633,56.560001373291016,56.04999923706055,56.459999084472656,47.434871673583984,7060000,MRK
2014-04-03,56.529998779296875,56.75,55.95000076293945,56.209999084472656,47.224822998046875,8313100,MRK
2014-04-04,56.61000061035156,56.720001220703125,56.09000015258789,56.119998931884766,47.14921188354492,10412800,MRK
2014-04-07,55.369998931884766,56.15999984741211,55.029998779296875,55.189998626708984,46.36787796020508,11426300,MRK
2014-04-08,55.279998779296875,55.61000061035156,54.70000076293945,55.040000915527344,46.241844177246094,10766800,MRK
2014-04-09,55.220001220703125,57.150001525878906,55.20000076293945,57.099998474121094,47.97256088256836,16108500,MRK
2014-04-10,57.88999938964844,58.13999938964844,55.779998779296875,55.849998474121094,46.92235565185547,18018500,MRK
2014-04-11,55.54999923706055,56.599998474121094,55.29999923706055,55.91999816894531,46.98118209838867,13631700,MRK
2014-04-14,56.220001220703125,56.72999954223633,54.95000076293945,55.56999969482422,46.6871223449707,10787000,MRK
2014-04-15,55.790000915527344,56.310001373291016,55.11000061035156,56.04999923706055,47.090396881103516,11142900,MRK
2014-04-16,56.45000076293945,56.95000076293945,55.93000030517578,56.2599983215332,47.2668342590332,9635500,MRK
2014-04-17,56.45000076293945,57.0,56.27000045776367,56.470001220703125,47.44326400756836,11263700,MRK
2014-04-21,56.560001373291016,57.29999923706055,56.400001525878906,57.25,48.09857940673828,6231000,MRK
2014-04-22,57.09000015258789,58.31999969482422,57.02000045776367,57.77000045776367,48.53546142578125,13972200,MRK
2014-04-23,57.75,57.77000045776367,57.08000183105469,57.5,48.30862045288086,7736100,MRK
2014-04-24,57.31999969482422,57.81999969482422,56.849998474121094,57.529998779296875,48.333824157714844,6714800,MRK
2014-04-25,57.529998779296875,57.68000030517578,57.02000045776367,57.2400016784668,48.090179443359375,6227700,MRK
2014-04-28,57.61000061035156,57.849998474121094,56.47999954223633,56.68000030517578,47.619693756103516,16992200,MRK
2014-04-29,57.5,58.86000061035156,57.27000045776367,58.720001220703125,49.33360290527344,13661500,MRK
2014-04-30,58.5099983215332,59.0,58.02000045776367,58.560001373291016,49.19917678833008,13560400,MRK
2014-05-01,58.54999923706055,59.84000015258789,58.54999923706055,59.619998931884766,50.0897331237793,11724500,MRK
2014-05-02,59.470001220703125,59.529998779296875,57.939998626708984,58.220001220703125,48.91352844238281,12079300,MRK
2014-05-05,58.11000061035156,58.66999816894531,57.75,58.630001068115234,49.25798416137695,8135000,MRK
2014-05-06,58.75,58.77000045776367,57.040000915527344,57.11000061035156,47.98094940185547,13838300,MRK
2014-05-07,56.189998626708984,56.849998474121094,55.52000045776367,55.84000015258789,46.91396713256836,22909900,MRK
2014-05-08,55.54999923706055,55.7599983215332,54.720001220703125,54.83000183105469,46.0654182434082,14371400,MRK
2014-05-09,55.099998474121094,55.709999084472656,54.400001525878906,55.209999084472656,46.38467788696289,12385000,MRK
2014-05-12,55.619998931884766,55.619998931884766,54.849998474121094,55.290000915527344,46.45188903808594,8085000,MRK
2014-05-13,55.310001373291016,56.060001373291016,55.20000076293945,55.75,46.838356018066406,8959000,MRK
2014-05-14,55.630001068115234,56.560001373291016,55.630001068115234,56.369998931884766,47.3592414855957,7797500,MRK
2014-05-15,55.810001373291016,56.59000015258789,55.5099983215332,55.88999938964844,46.955970764160156,8918500,MRK
2014-05-16,55.65999984741211,56.2599983215332,55.65999984741211,55.869998931884766,46.939170837402344,9062000,MRK
2014-05-19,55.7400016784668,56.369998931884766,55.619998931884766,56.349998474121094,47.342445373535156,7519300,MRK
2014-05-20,56.220001220703125,56.2599983215332,55.72999954223633,56.0,47.04838180541992,7855900,MRK
2014-05-21,56.20000076293945,56.619998931884766,56.130001068115234,56.58000183105469,47.535682678222656,6650900,MRK
2014-05-22,56.400001525878906,56.779998779296875,56.040000915527344,56.4900016784668,47.4600715637207,7178000,MRK
2014-05-23,56.630001068115234,56.97999954223633,56.45000076293945,56.810001373291016,47.72890853881836,6053000,MRK
2014-05-27,56.93000030517578,57.040000915527344,56.470001220703125,56.689998626708984,47.628089904785156,7301800,MRK
2014-05-28,56.709999084472656,56.72999954223633,56.400001525878906,56.400001525878906,47.38444519042969,6843100,MRK
2014-05-29,56.90999984741211,57.790000915527344,56.599998474121094,57.70000076293945,48.47664260864258,8513700,MRK
2014-05-30,57.52000045776367,58.27000045776367,57.52000045776367,57.86000061035156,48.61106872558594,11519000,MRK
2014-06-02,57.90999984741211,58.20000076293945,57.47999954223633,57.93000030517578,48.669883728027344,6425500,MRK
2014-06-03,57.52000045776367,57.959999084472656,57.369998931884766,57.90999984741211,48.653079986572266,7078100,MRK
2014-06-04,57.779998779296875,58.0099983215332,57.5099983215332,57.93000030517578,48.669883728027344,6875400,MRK
2014-06-05,57.970001220703125,58.470001220703125,57.720001220703125,58.099998474121094,48.81270217895508,7640600,MRK
2014-06-06,58.20000076293945,58.2599983215332,57.68000030517578,57.849998474121094,48.6026725769043,6703200,MRK
2014-06-09,57.4900016784668,57.970001220703125,57.2400016784668,57.939998626708984,48.67828369140625,8082900,MRK
2014-06-10,57.91999816894531,58.5,57.91999816894531,58.4900016784668,49.14037322998047,7663700,MRK
2014-06-11,58.52000045776367,59.029998779296875,58.400001525878906,58.810001373291016,49.40922164916992,11696800,MRK
2014-06-12,58.279998779296875,58.720001220703125,58.060001373291016,58.29999923706055,49.3499641418457,9563900,MRK
2014-06-13,58.11000061035156,58.650001525878906,57.97999954223633,58.2400016784668,49.29916763305664,8398500,MRK
2014-06-16,58.060001373291016,58.380001068115234,57.72999954223633,58.06999969482422,49.155269622802734,7731500,MRK
2014-06-17,57.95000076293945,58.220001220703125,57.779998779296875,58.060001373291016,49.14680099487305,6266700,MRK
2014-06-18,58.029998779296875,58.45000076293945,57.810001373291016,58.40999984741211,49.44306564331055,7837000,MRK
2014-06-19,58.41999816894531,58.41999816894531,58.099998474121094,58.29999923706055,49.3499641418457,6011900,MRK
2014-06-20,58.61000061035156,59.279998779296875,58.439998626708984,58.91999816894531,49.874778747558594,14418000,MRK
2014-06-23,58.810001373291016,58.97999954223633,58.40999984741211,58.5,49.51925277709961,7054400,MRK
2014-06-24,58.380001068115234,58.7599983215332,57.880001068115234,57.91999816894531,49.028297424316406,8158500,MRK
2014-06-25,57.72999954223633,59.31999969482422,57.720001220703125,58.86000061035156,49.82398986816406,13274300,MRK
2014-06-26,58.7599983215332,58.77000045776367,58.25,58.529998779296875,49.544647216796875,7238300,MRK
2014-06-27,58.369998931884766,58.52000045776367,57.47999954223633,57.529998779296875,48.69816589355469,17285700,MRK
2014-06-30,57.61000061035156,58.20000076293945,57.529998779296875,57.849998474121094,48.96904754638672,8735000,MRK
2014-07-01,57.70000076293945,58.63999938964844,57.47999954223633,58.5099983215332,49.52772521972656,8838000,MRK
2014-07-02,58.470001220703125,59.099998474121094,58.369998931884766,59.04999923706055,49.984825134277344,6941000,MRK
2014-07-03,59.38999938964844,59.45000076293945,59.06999969482422,59.20000076293945,50.111785888671875,5220100,MRK
2014-07-07,58.90999984741211,59.650001525878906,58.4900016784668,58.52000045776367,49.536190032958984,9276200,MRK
2014-07-08,58.65999984741211,58.66999816894531,57.90999984741211,58.16999816894531,49.23991012573242,8270100,MRK
2014-07-09,58.45000076293945,58.720001220703125,58.18000030517578,58.54999923706055,49.561580657958984,6938700,MRK
2014-07-10,58.279998779296875,58.77000045776367,57.72999954223633,58.58000183105469,49.58698272705078,5583700,MRK
2014-07-11,58.650001525878906,58.7400016784668,58.15999984741211,58.439998626708984,49.46847152709961,6106800,MRK
2014-07-14,58.619998931884766,58.66999816894531,58.060001373291016,58.18000030517578,49.248382568359375,8379100,MRK
2014-07-15,58.130001068115234,58.400001525878906,57.4900016784668,57.90999984741211,49.019832611083984,10158100,MRK
2014-07-16,57.939998626708984,58.209999084472656,57.72999954223633,58.150001525878906,49.22299575805664,6805000,MRK
2014-07-17,57.869998931884766,58.2400016784668,57.56999969482422,57.599998474121094,48.75741958618164,6649700,MRK
2014-07-18,57.91999816894531,58.43000030517578,57.619998931884766,58.34000015258789,49.38382339477539,7432700,MRK
2014-07-21,57.88999938964844,58.189998626708984,57.709999084472656,58.0,49.096012115478516,7095700,MRK
2014-07-22,58.130001068115234,58.880001068115234,58.130001068115234,58.43000030517578,49.45999526977539,6509200,MRK
2014-07-23,58.29999923706055,58.5,58.04999923706055,58.11000061035156,49.18913269042969,6292400,MRK
2014-07-24,58.31999969482422,58.5,57.91999816894531,58.209999084472656,49.273780822753906,10064200,MRK
2014-07-25,58.130001068115234,58.36000061035156,57.91999816894531,58.150001525878906,49.22299575805664,5525100,MRK
2014-07-28,58.16999816894531,58.34000015258789,57.849998474121094,57.970001220703125,49.070613861083984,8600700,MRK
2014-07-29,58.81999969482422,59.279998779296875,58.13999938964844,58.58000183105469,49.58698272705078,10328000,MRK
2014-07-30,58.58000183105469,58.849998474121094,57.61000061035156,58.08000183105469,49.16373825073242,8051800,MRK
2014-07-31,57.7599983215332,58.06999969482422,56.720001220703125,56.7400016784668,48.02944564819336,10119000,MRK
2014-08-01,56.58000183105469,57.119998931884766,56.279998779296875,56.79999923706055,48.08024215698242,10141000,MRK
2014-08-04,56.95000076293945,57.27000045776367,56.36000061035156,57.060001373291016,48.300323486328125,8649500,MRK
2014-08-05,56.720001220703125,56.970001220703125,55.81999969482422,56.029998779296875,47.42844009399414,9031200,MRK
2014-08-06,55.880001068115234,56.13999938964844,55.720001220703125,55.93000030517578,47.34380340576172,12275800,MRK
2014-08-07,56.209999084472656,56.560001373291016,55.56999969482422,55.63999938964844,47.09832000732422,7215500,MRK
2014-08-08,55.869998931884766,56.61000061035156,55.58000183105469,56.54999923706055,47.86860656738281,7081500,MRK
2014-08-11,56.70000076293945,57.04999923706055,56.459999084472656,56.65999984741211,47.96173095703125,5499100,MRK
2014-08-12,56.54999923706055,57.13999938964844,56.52000045776367,57.029998779296875,48.27492904663086,7090200,MRK
2014-08-13,57.38999938964844,57.88999938964844,57.15999984741211,57.849998474121094,48.96904754638672,10660700,MRK
2014-08-14,58.04999923706055,58.790000915527344,58.0,58.779998779296875,49.75626754760742,7932300,MRK
2014-08-15,58.79999923706055,59.0,58.029998779296875,58.61000061035156,49.612361907958984,9046800,MRK
2014-08-18,58.79999923706055,58.869998931884766,58.349998474121094,58.41999816894531,49.45153045654297,9443900,MRK
2014-08-19,58.849998474121094,58.95000076293945,58.34000015258789,58.90999984741211,49.86631774902344,7435000,MRK
2014-08-20,58.68000030517578,59.56999969482422,58.529998779296875,59.47999954223633,50.348812103271484,7038400,MRK
2014-08-21,59.400001525878906,59.65999984741211,58.790000915527344,58.849998474121094,49.815521240234375,7646800,MRK
2014-08-22,59.040000915527344,59.36000061035156,58.900001525878906,59.16999816894531,50.086395263671875,5187600,MRK
2014-08-25,59.34000015258789,59.869998931884766,59.2599983215332,59.72999954223633,50.560428619384766,5170800,MRK
2014-08-26,59.66999816894531,60.400001525878906,59.65999984741211,60.20000076293945,50.95827865600586,9220600,MRK
2014-08-27,60.400001525878906,60.58000183105469,60.11000061035156,60.279998779296875,51.025997161865234,6546700,MRK
2014-08-28,59.88999938964844,60.22999954223633,59.84000015258789,60.0,50.78898239135742,5241000,MRK
2014-08-29,60.41999816894531,60.41999816894531,59.83000183105469,60.11000061035156,50.88209915161133,5715800,MRK
2014-09-02,59.72999954223633,60.099998474121094,59.66999816894531,59.790000915527344,50.61122512817383,6054500,MRK
2014-09-03,60.119998931884766,60.86000061035156,60.060001373291016,60.47999954223633,51.19529724121094,9096200,MRK
2014-09-04,60.56999969482422,61.0,59.91999816894531,60.08000183105469,50.85669708251953,10809000,MRK
2014-09-05,60.41999816894531,61.18000030517578,60.150001525878906,61.18000030517578,51.7878303527832,10744200,MRK
2014-09-08,61.220001220703125,61.33000183105469,60.83000183105469,61.04999923706055,51.67778396606445,8420400,MRK
2014-09-09,60.84000015258789,61.029998779296875,60.470001220703125,60.560001373291016,51.26301956176758,7443700,MRK
2014-09-10,60.66999816894531,60.869998931884766,60.349998474121094,60.7599983215332,51.43230438232422,9212800,MRK
2014-09-11,60.209999084472656,60.439998626708984,59.810001373291016,60.099998474121094,51.244728088378906,7785200,MRK
2014-09-12,59.880001068115234,60.130001068115234,59.2599983215332,59.54999923706055,50.7757568359375,7021800,MRK
2014-09-15,59.650001525878906,59.9900016784668,59.5,59.52000045776367,50.75018310546875,7738900,MRK
2014-09-16,59.5099983215332,60.060001373291016,59.279998779296875,59.9900016784668,51.15092086791992,9045400,MRK
2014-09-17,59.529998779296875,60.0099983215332,59.279998779296875,59.880001068115234,51.0571403503418,10271200,MRK
2014-09-18,60.130001068115234,60.34000015258789,59.81999969482422,60.310001373291016,51.42378234863281,8004100,MRK
2014-09-19,60.75,60.88999938964844,60.4900016784668,60.4900016784668,51.57726287841797,14480700,MRK
2014-09-22,60.369998931884766,60.97999954223633,60.2599983215332,60.58000183105469,51.65399932861328,9320500,MRK
2014-09-23,60.150001525878906,60.72999954223633,59.689998626708984,60.279998779296875,51.398197174072266,8012100,MRK
2014-09-24,60.310001373291016,60.540000915527344,60.22999954223633,60.36000061035156,51.4664192199707,11465600,MRK
2014-09-25,60.279998779296875,60.5,59.630001068115234,59.63999938964844,50.85249710083008,8691800,MRK
2014-09-26,59.720001220703125,59.790000915527344,58.54999923706055,59.38999938964844,50.63933181762695,10786200,MRK
2014-09-29,59.029998779296875,59.720001220703125,58.810001373291016,59.40999984741211,50.6563835144043,8719200,MRK
2014-09-30,59.400001525878906,59.97999954223633,59.25,59.279998779296875,50.54553985595703,9247300,MRK
2014-10-01,59.09000015258789,59.220001220703125,58.5,58.709999084472656,50.059532165527344,9088900,MRK
2014-10-02,58.779998779296875,59.060001373291016,58.290000915527344,58.849998474121094,50.17890548706055,8109800,MRK
2014-10-03,59.16999816894531,60.099998474121094,59.16999816894531,59.900001525878906,51.074180603027344,8641800,MRK
2014-10-06,60.16999816894531,60.25,59.29999923706055,59.58000183105469,50.80134582519531,7114600,MRK
2014-10-07,59.31999969482422,59.400001525878906,58.45000076293945,58.459999084472656,49.84635543823242,9520100,MRK
2014-10-08,58.65999984741211,60.22999954223633,58.56999969482422,60.18000030517578,51.31294250488281,12318200,MRK
2014-10-09,60.0,60.5099983215332,59.11000061035156,59.209999084472656,50.4858512878418,8595800,MRK
2014-10-10,59.310001373291016,59.91999816894531,58.65999984741211,58.65999984741211,50.01689529418945,11285200,MRK
2014-10-13,58.54999923706055,58.54999923706055,55.97999954223633,56.13999938964844,47.868194580078125,14807700,MRK
2014-10-14,56.56999969482422,56.95000076293945,55.72999954223633,56.33000183105469,48.03020477294922,10935800,MRK
2014-10-15,55.369998931884766,55.869998931884766,54.290000915527344,54.72999954223633,46.66595458984375,18785800,MRK
2014-10-16,54.0099983215332,54.09000015258789,52.4900016784668,53.43000030517578,45.55748748779297,21856200,MRK
2014-10-17,53.849998474121094,54.630001068115234,53.529998779296875,54.02000045776367,46.0605583190918,19718100,MRK
2014-10-20,54.220001220703125,54.27000045776367,53.91999816894531,54.04999923706055,46.086158752441406,12064100,MRK
2014-10-21,54.56999969482422,55.279998779296875,54.31999969482422,55.130001068115234,47.007015228271484,17289900,MRK
2014-10-22,55.22999954223633,55.86000061035156,55.0,55.5099983215332,47.331024169921875,12901700,MRK
2014-10-23,56.2599983215332,57.06999969482422,56.189998626708984,56.630001068115234,48.28600311279297,11851100,MRK
2014-10-24,56.79999923706055,57.65999984741211,56.630001068115234,57.61000061035156,49.121604919433594,8555400,MRK
2014-10-27,56.90999984741211,57.2400016784668,55.91999816894531,56.45000076293945,48.13252258300781,14418900,MRK
2014-10-28,56.599998474121094,56.599998474121094,54.099998474121094,55.849998474121094,47.620914459228516,23961200,MRK
2014-10-29,56.02000045776367,56.61000061035156,55.630001068115234,56.20000076293945,47.91936111450195,12492900,MRK
2014-10-30,55.709999084472656,57.38999938964844,55.70000076293945,57.310001373291016,48.86580276489258,12866600,MRK
2014-10-31,57.95000076293945,58.130001068115234,57.65999984741211,57.939998626708984,49.40298080444336,14066100,MRK
2014-11-03,57.95000076293945,58.93000030517578,57.56999969482422,58.91999816894531,50.23858642578125,10178900,MRK
2014-11-04,58.869998931884766,59.709999084472656,58.869998931884766,59.369998931884766,50.622283935546875,11338400,MRK
2014-11-05,59.9900016784668,60.25,59.380001068115234,59.56999969482422,50.79281234741211,12678800,MRK
2014-11-06,59.599998474121094,59.900001525878906,59.189998626708984,59.2599983215332,50.52849197387695,13362100,MRK
2014-11-07,59.38999938964844,59.619998931884766,59.060001373291016,59.34000015258789,50.59669876098633,10613000,MRK
2014-11-10,58.2400016784668,59.189998626708984,57.70000076293945,58.810001373291016,50.14480209350586,14598500,MRK
2014-11-11,59.720001220703125,59.95000076293945,59.209999084472656,59.369998931884766,50.622283935546875,13303600,MRK
2014-11-12,59.279998779296875,59.54999923706055,59.099998474121094,59.310001373291016,50.57112121582031,6668800,MRK
2014-11-13,59.5,59.95000076293945,59.18000030517578,59.540000915527344,50.76723098754883,6646900,MRK
2014-11-14,59.22999954223633,59.54999923706055,58.77000045776367,59.06999969482422,50.36648941040039,7130600,MRK
2014-11-17,59.709999084472656,59.900001525878906,59.310001373291016,59.459999084472656,50.69902420043945,8571300,MRK
2014-11-18,59.4900016784668,60.130001068115234,59.150001525878906,59.88999938964844,51.0656623840332,7663000,MRK
2014-11-19,59.630001068115234,59.72999954223633,59.130001068115234,59.63999938964844,50.85249710083008,7304400,MRK
2014-11-20,59.209999084472656,59.400001525878906,58.86000061035156,59.380001068115234,50.63080596923828,6741100,MRK
2014-11-21,59.939998626708984,60.02000045776367,59.33000183105469,59.65999984741211,50.86956024169922,11260400,MRK
2014-11-24,59.810001373291016,59.810001373291016,58.9900016784668,59.25,50.51997375488281,8488000,MRK
2014-11-25,59.31999969482422,59.65999984741211,59.130001068115234,59.34000015258789,50.59669876098633,10328600,MRK
2014-11-26,59.70000076293945,59.77000045776367,59.349998474121094,59.75,50.946292877197266,6280600,MRK
2014-11-28,59.70000076293945,60.869998931884766,59.70000076293945,60.400001525878906,51.500518798828125,6207400,MRK
2014-12-01,60.400001525878906,61.31999969482422,60.279998779296875,60.52000045776367,51.602840423583984,8274100,MRK
2014-12-02,60.630001068115234,60.97999954223633,60.279998779296875,60.779998779296875,51.82453155517578,6446000,MRK
2014-12-03,60.7599983215332,60.93000030517578,60.310001373291016,60.58000183105469,51.65399932861328,9730500,MRK
2014-12-04,60.5099983215332,61.380001068115234,60.5099983215332,60.91999816894531,51.94390106201172,7114600,MRK
2014-12-05,61.029998779296875,61.77000045776367,60.81999969482422,61.4900016784668,52.42991256713867,11171800,MRK
2014-12-08,61.16999816894531,62.20000076293945,60.97999954223633,61.880001068115234,52.762451171875,11394700,MRK
2014-12-09,59.400001525878906,60.13999938964844,58.75,60.0099983215332,51.1679801940918,18778200,MRK
2014-12-10,60.119998931884766,60.52000045776367,59.70000076293945,59.97999954223633,51.14240646362305,13253700,MRK
2014-12-11,59.779998779296875,60.58000183105469,59.189998626708984,59.34000015258789,50.979164123535156,11314100,MRK
2014-12-12,59.130001068115234,59.650001525878906,57.709999084472656,57.720001220703125,49.58742904663086,12120400,MRK
2014-12-15,57.81999969482422,58.060001373291016,56.79999923706055,56.95000076293945,48.92591857910156,12175200,MRK
2014-12-16,56.970001220703125,58.290000915527344,56.779998779296875,56.79999923706055,48.79705810546875,11214000,MRK
2014-12-17,57.04999923706055,57.79999923706055,56.560001373291016,57.630001068115234,49.51010513305664,12663800,MRK
2014-12-18,58.59000015258789,58.97999954223633,58.09000015258789,58.97999954223633,50.66989517211914,13359400,MRK
2014-12-19,59.25,59.900001525878906,59.0099983215332,59.58000183105469,51.185359954833984,17374200,MRK
2014-12-22,59.119998931884766,59.560001373291016,58.54999923706055,58.959999084472656,50.65271759033203,10010500,MRK
2014-12-23,58.689998626708984,59.0,57.029998779296875,57.209999084472656,49.14927673339844,14165400,MRK
2014-12-24,57.290000915527344,57.86000061035156,57.25,57.459999084472656,49.36405944824219,5051000,MRK
2014-12-26,57.68000030517578,58.02000045776367,57.59000015258789,57.779998779296875,49.63897705078125,4672800,MRK
2014-12-29,57.45000076293945,57.91999816894531,57.45000076293945,57.72999954223633,49.596012115478516,6003800,MRK
2014-12-30,57.529998779296875,57.77000045776367,57.29999923706055,57.650001525878906,49.527286529541016,5234800,MRK
2014-12-31,57.27000045776367,57.849998474121094,56.72999954223633,56.790000915527344,48.7884635925293,7483600,MRK
2015-01-02,57.220001220703125,57.790000915527344,57.029998779296875,57.189998626708984,49.132110595703125,7076300,MRK
2015-01-05,58.209999084472656,58.47999954223633,57.56999969482422,58.040000915527344,49.86233901977539,15961200,MRK
2015-01-06,58.279998779296875,60.5,58.25,60.31999969482422,51.82109451293945,24287700,MRK
2015-01-07,60.439998626708984,61.619998931884766,60.36000061035156,61.61000061035156,52.92934036254883,18634500,MRK
2015-01-08,62.0,62.939998626708984,61.849998474121094,62.849998474121094,53.99462890625,19121000,MRK
2015-01-09,62.810001373291016,63.130001068115234,62.16999816894531,62.560001373291016,53.745487213134766,12638700,MRK
2015-01-12,63.099998474121094,63.5,62.099998474121094,62.29999923706055,53.52211380004883,11569000,MRK
2015-01-13,62.90999984741211,63.619998931884766,61.72999954223633,62.189998626708984,53.4276123046875,10035200,MRK
2015-01-14,61.720001220703125,62.90999984741211,61.47999954223633,62.63999938964844,53.814208984375,9858100,MRK
2015-01-15,62.790000915527344,62.9900016784668,61.83000183105469,61.880001068115234,53.16130065917969,9564600,MRK
2015-01-16,61.86000061035156,63.15999984741211,61.529998779296875,63.029998779296875,54.14926528930664,11371200,MRK
2015-01-20,62.709999084472656,63.29999923706055,61.880001068115234,62.61000061035156,53.7884407043457,13105900,MRK
2015-01-21,62.41999816894531,62.779998779296875,62.08000183105469,62.15999984741211,53.401851654052734,9081400,MRK
2015-01-22,62.2599983215332,62.709999084472656,61.529998779296875,62.59000015258789,53.7712516784668,8494400,MRK
2015-01-23,62.459999084472656,63.0,62.40999984741211,62.4900016784668,53.685340881347656,6229100,MRK
2015-01-26,62.58000183105469,62.97999954223633,62.119998931884766,62.81999969482422,53.96885299682617,6714600,MRK
2015-01-27,62.880001068115234,63.02000045776367,62.130001068115234,62.560001373291016,53.745487213134766,7965100,MRK
2015-01-28,62.81999969482422,62.959999084472656,61.31999969482422,61.45000076293945,52.79188919067383,8868100,MRK
2015-01-29,61.540000915527344,62.150001525878906,60.7599983215332,62.09000015258789,53.341705322265625,9091300,MRK
2015-01-30,61.529998779296875,61.93000030517578,60.029998779296875,60.279998779296875,51.78673553466797,12086900,MRK
2015-02-02,60.5,60.93000030517578,59.779998779296875,60.880001068115234,52.30219650268555,9266700,MRK
2015-02-03,60.88999938964844,61.060001373291016,59.939998626708984,61.02000045776367,52.422462463378906,11477500,MRK
2015-02-04,59.970001220703125,60.0,58.34000015258789,59.04999923706055,50.73003387451172,19446700,MRK
2015-02-05,59.27000045776367,59.349998474121094,58.5099983215332,59.16999816894531,50.833126068115234,12660400,MRK
2015-02-06,59.099998474121094,59.77000045776367,58.58000183105469,58.790000915527344,50.50666427612305,9864800,MRK
2015-02-09,58.650001525878906,59.0,57.93000030517578,58.33000183105469,50.11148452758789,10014100,MRK
2015-02-10,59.0,59.34000015258789,58.77000045776367,58.849998474121094,50.55821990966797,9539400,MRK
2015-02-11,58.7599983215332,58.959999084472656,58.400001525878906,58.7400016784668,50.46371078491211,10483900,MRK
2015-02-12,59.0,59.11000061035156,58.59000015258789,58.880001068115234,50.583988189697266,7207700,MRK
2015-02-13,58.900001525878906,58.939998626708984,58.61000061035156,58.810001373291016,50.52385330200195,7899300,MRK
2015-02-17,58.7400016784668,58.970001220703125,58.70000076293945,58.790000915527344,50.50666427612305,10187300,MRK
2015-02-18,58.66999816894531,59.0099983215332,58.22999954223633,58.79999923706055,50.515254974365234,10534200,MRK
2015-02-19,58.849998474121094,58.9900016784668,57.810001373291016,58.29999923706055,50.08570861816406,9836200,MRK
2015-02-20,58.150001525878906,58.47999954223633,57.72999954223633,58.349998474121094,50.128665924072266,11604800,MRK
2015-02-23,58.38999938964844,58.66999816894531,58.16999816894531,58.29999923706055,50.08570861816406,8589900,MRK
2015-02-24,58.4900016784668,58.56999969482422,58.04999923706055,58.36000061035156,50.137264251708984,7714100,MRK
2015-02-25,58.459999084472656,58.970001220703125,58.060001373291016,58.4900016784668,50.248939514160156,8455200,MRK
2015-02-26,58.65999984741211,59.150001525878906,58.65999984741211,58.959999084472656,50.65271759033203,11489100,MRK
2015-02-27,58.88999938964844,59.060001373291016,58.4900016784668,58.540000915527344,50.291893005371094,13059900,MRK
2015-03-02,58.540000915527344,58.88999938964844,58.279998779296875,58.58000183105469,50.32625961303711,9667200,MRK
2015-03-03,58.63999938964844,58.70000076293945,57.95000076293945,58.34000015258789,50.12006759643555,8251300,MRK
2015-03-04,58.40999984741211,58.650001525878906,57.68000030517578,57.880001068115234,49.724884033203125,13335200,MRK
2015-03-05,58.09000015258789,58.279998779296875,57.79999923706055,57.97999954223633,49.810791015625,11534100,MRK
2015-03-06,57.849998474121094,57.869998931884766,56.720001220703125,56.84000015258789,48.83141326904297,11064700,MRK
2015-03-09,56.84000015258789,57.369998931884766,56.29999923706055,57.2599983215332,49.19223403930664,8342000,MRK
2015-03-10,56.95000076293945,57.189998626708984,56.4900016784668,56.58000183105469,48.60804748535156,13125000,MRK
2015-03-11,57.4900016784668,57.4900016784668,55.970001220703125,56.060001373291016,48.16131591796875,15665300,MRK
2015-03-12,55.81999969482422,56.220001220703125,55.65999984741211,56.16999816894531,48.64630889892578,12954300,MRK
2015-03-13,56.029998779296875,56.43000030517578,55.63999938964844,56.20000076293945,48.67228698730469,13072900,MRK
2015-03-16,56.58000183105469,57.31999969482422,56.58000183105469,57.119998931884766,49.46905517578125,11520800,MRK
2015-03-17,56.88999938964844,56.88999938964844,56.2400016784668,56.470001220703125,48.9061279296875,9999400,MRK
2015-03-18,56.38999938964844,57.970001220703125,56.209999084472656,57.650001525878906,49.92806625366211,14928500,MRK
2015-03-19,57.43000030517578,58.34000015258789,57.029998779296875,58.209999084472656,50.41305923461914,14455900,MRK
2015-03-20,58.2400016784668,58.86000061035156,57.7599983215332,58.58000183105469,50.73350524902344,26114000,MRK
2015-03-23,58.400001525878906,59.13999938964844,58.040000915527344,58.72999954223633,50.86341094970703,10658500,MRK
2015-03-24,59.40999984741211,59.70000076293945,58.5099983215332,58.630001068115234,50.77680587768555,13065300,MRK
2015-03-25,59.5,59.709999084472656,58.18000030517578,58.2599983215332,50.45635986328125,14038400,MRK
2015-03-26,58.040000915527344,58.20000076293945,57.40999984741211,57.599998474121094,49.884765625,10582900,MRK
2015-03-27,57.83000183105469,58.22999954223633,57.630001068115234,57.75,50.01468276977539,8523500,MRK
2015-03-30,58.25,58.540000915527344,58.150001525878906,58.34000015258789,50.5256462097168,8189000,MRK
2015-03-31,58.189998626708984,58.310001373291016,57.47999954223633,57.47999954223633,49.780845642089844,10458700,MRK
2015-04-01,57.2599983215332,57.31999969482422,56.220001220703125,56.86000061035156,49.2438850402832,12712200,MRK
2015-04-02,57.0,57.45000076293945,56.849998474121094,57.099998474121094,49.45174026489258,7583500,MRK
2015-04-06,56.93000030517578,57.34000015258789,56.709999084472656,57.18000030517578,49.521018981933594,12649200,MRK
2015-04-07,57.65999984741211,57.880001068115234,57.29999923706055,57.43000030517578,49.73754119873047,9278300,MRK
2015-04-08,57.90999984741211,58.04999923706055,57.02000045776367,57.150001525878906,49.495033264160156,13559700,MRK
2015-04-09,57.220001220703125,57.72999954223633,57.11000061035156,57.43000030517578,49.73754119873047,12006000,MRK
2015-04-10,57.04999923706055,57.650001525878906,56.31999969482422,57.25,49.58165740966797,15507500,MRK
2015-04-13,57.08000183105469,57.369998931884766,56.5,56.72999954223633,49.13129425048828,10480900,MRK
2015-04-14,56.939998626708984,57.9900016784668,56.61000061035156,57.7599983215332,50.023338317871094,14656200,MRK
2015-04-15,58.06999969482422,58.95000076293945,58.06999969482422,58.45000076293945,50.62091064453125,12108800,MRK
2015-04-16,58.209999084472656,58.38999938964844,57.7400016784668,57.84000015258789,50.092613220214844,6409400,MRK
2015-04-17,57.349998474121094,57.36000061035156,56.56999969482422,56.880001068115234,49.261207580566406,11663400,MRK
2015-04-20,57.5,58.0,57.38999938964844,57.61000061035156,49.89342498779297,9961400,MRK
2015-04-21,58.0099983215332,58.029998779296875,57.40999984741211,57.65999984741211,49.936737060546875,9255500,MRK
2015-04-22,57.560001373291016,57.88999938964844,57.31999969482422,57.689998626708984,49.962703704833984,7914600,MRK
2015-04-23,57.52000045776367,57.849998474121094,57.040000915527344,57.5099983215332,49.806819915771484,8342000,MRK
2015-04-24,57.849998474121094,58.189998626708984,57.5099983215332,57.599998474121094,49.884765625,7866500,MRK
2015-04-27,57.83000183105469,58.029998779296875,56.880001068115234,57.099998474121094,49.45174026489258,10599600,MRK
2015-04-28,57.099998474121094,60.47999954223633,57.099998474121094,59.97999954223633,51.94597625732422,34731200,MRK
2015-04-29,59.33000183105469,60.43000030517578,59.22999954223633,59.68000030517578,51.68616485595703,17192000,MRK
2015-04-30,59.790000915527344,60.13999938964844,59.2400016784668,59.560001373291016,51.582237243652344,13012400,MRK
2015-05-01,59.7599983215332,60.380001068115234,59.68000030517578,59.86000061035156,51.842044830322266,9357500,MRK
2015-05-04,60.13999938964844,60.95000076293945,60.029998779296875,60.63999938964844,52.517574310302734,9050400,MRK
2015-05-05,60.31999969482422,60.70000076293945,60.060001373291016,60.4900016784668,52.38766860961914,12082100,MRK
2015-05-06,60.45000076293945,60.59000015258789,59.93000030517578,60.2599983215332,52.188472747802734,11570900,MRK
2015-05-07,60.04999923706055,60.72999954223633,59.93000030517578,60.29999923706055,52.22311782836914,9001000,MRK
2015-05-08,61.0,61.380001068115234,60.70000076293945,60.7400016784668,52.604190826416016,10143400,MRK
2015-05-11,60.65999984741211,60.689998626708984,59.84000015258789,60.0,51.96330642700195,9718900,MRK
2015-05-12,59.54999923706055,59.72999954223633,59.11000061035156,59.439998626708984,51.478309631347656,13191900,MRK
2015-05-13,59.619998931884766,59.849998474121094,58.970001220703125,59.18000030517578,51.25313186645508,7320900,MRK
2015-05-14,59.470001220703125,59.88999938964844,59.04999923706055,59.779998779296875,51.772769927978516,7127300,MRK
2015-05-15,59.939998626708984,60.22999954223633,59.810001373291016,60.22999954223633,52.1624870300293,7665700,MRK
2015-05-18,60.16999816894531,60.45000076293945,60.0099983215332,60.0099983215332,51.97195053100586,7190400,MRK
2015-05-19,59.959999084472656,60.91999816894531,59.939998626708984,60.52000045776367,52.41364669799805,8128700,MRK
2015-05-20,60.66999816894531,60.849998474121094,60.439998626708984,60.459999084472656,52.36167907714844,6034900,MRK
2015-05-21,60.54999923706055,60.790000915527344,60.09000015258789,60.099998474121094,52.049903869628906,8039000,MRK
2015-05-22,60.06999969482422,60.06999969482422,59.34000015258789,59.380001068115234,51.42634963989258,8990400,MRK
2015-05-26,59.279998779296875,59.439998626708984,58.849998474121094,58.970001220703125,51.071266174316406,10857700,MRK
2015-05-27,59.09000015258789,59.779998779296875,58.869998931884766,59.459999084472656,51.495635986328125,9726700,MRK
2015-05-28,59.45000076293945,59.849998474121094,59.380001068115234,59.70000076293945,51.703487396240234,9530100,MRK
2015-05-29,59.880001068115234,61.119998931884766,59.470001220703125,60.88999938964844,52.73408889770508,20015600,MRK
2015-06-01,60.849998474121094,61.70000076293945,60.34000015258789,60.75,52.61284255981445,11807400,MRK
2015-06-02,60.45000076293945,60.459999084472656,59.81999969482422,60.2400016784668,52.1711540222168,8993000,MRK
2015-06-03,60.65999984741211,60.880001068115234,60.2599983215332,60.38999938964844,52.301063537597656,8662400,MRK
2015-06-04,59.959999084472656,60.209999084472656,59.27000045776367,59.470001220703125,51.50429153442383,10830300,MRK
2015-06-05,59.36000061035156,59.40999984741211,58.79999923706055,58.9900016784668,51.088584899902344,10881800,MRK
2015-06-08,58.88999938964844,59.16999816894531,58.7599983215332,58.869998931884766,50.98465347290039,8047800,MRK
2015-06-09,58.959999084472656,59.290000915527344,58.709999084472656,58.84000015258789,50.95867156982422,6445200,MRK
2015-06-10,58.97999954223633,59.65999984741211,58.90999984741211,59.61000061035156,51.62553787231445,10223200,MRK
2015-06-11,59.20000076293945,59.369998931884766,58.84000015258789,58.90999984741211,51.407379150390625,11640300,MRK
2015-06-12,58.790000915527344,58.79999923706055,57.790000915527344,57.869998931884766,50.49982833862305,15812300,MRK
2015-06-15,57.599998474121094,57.63999938964844,57.02000045776367,57.119998931884766,49.8453369140625,10106500,MRK
2015-06-16,57.2400016784668,57.72999954223633,56.880001068115234,57.709999084472656,50.36021423339844,6968900,MRK
2015-06-17,57.709999084472656,58.16999816894531,57.470001220703125,57.90999984741211,50.534732818603516,7917300,MRK
2015-06-18,57.90999984741211,58.869998931884766,57.90999984741211,58.59000015258789,51.12812423706055,7440500,MRK
2015-06-19,58.40999984741211,58.84000015258789,57.95000076293945,58.040000915527344,50.64817810058594,12613500,MRK
2015-06-22,58.790000915527344,59.20000076293945,58.43000030517578,58.83000183105469,51.33755874633789,8362500,MRK
2015-06-23,58.880001068115234,59.04999923706055,58.52000045776367,59.029998779296875,51.512088775634766,8371000,MRK
2015-06-24,58.91999816894531,59.029998779296875,58.2400016784668,58.2400016784668,50.82270431518555,7908400,MRK
2015-06-25,58.25,58.599998474121094,57.720001220703125,57.900001525878906,50.52600860595703,9951200,MRK
2015-06-26,58.220001220703125,58.529998779296875,57.849998474121094,58.4900016784668,51.040870666503906,13083700,MRK
2015-06-29,57.93000030517578,58.220001220703125,57.25,57.290000915527344,49.993690490722656,9601200,MRK
2015-06-30,57.709999084472656,57.709999084472656,56.709999084472656,56.93000030517578,49.679542541503906,11847300,MRK
2015-07-01,56.93000030517578,57.869998931884766,56.61000061035156,57.599998474121094,50.264217376708984,9380100,MRK
2015-07-02,57.939998626708984,58.33000183105469,57.5,57.66999816894531,50.32529067993164,8518400,MRK
2015-07-06,57.2400016784668,57.84000015258789,56.63999938964844,57.54999923706055,50.220577239990234,8054100,MRK
2015-07-07,57.75,58.099998474121094,57.18000030517578,57.9900016784668,50.60455322265625,9034300,MRK
2015-07-08,57.72999954223633,57.7400016784668,57.119998931884766,57.349998474121094,50.04604721069336,9111600,MRK
2015-07-09,58.040000915527344,58.16999816894531,57.349998474121094,57.380001068115234,50.072235107421875,8677800,MRK
2015-07-10,58.06999969482422,58.25,57.58000183105469,57.95000076293945,50.56963348388672,8047400,MRK
2015-07-13,58.25,58.54999923706055,57.68000030517578,57.869998931884766,50.49982833862305,9133800,MRK
2015-07-14,57.900001525878906,58.279998779296875,57.68000030517578,58.189998626708984,50.7790641784668,7235100,MRK
2015-07-15,58.15999984741211,58.560001373291016,58.06999969482422,58.220001220703125,50.80525588989258,5748600,MRK
2015-07-16,58.5099983215332,58.869998931884766,58.349998474121094,58.81999969482422,51.32884216308594,5324700,MRK
2015-07-17,58.70000076293945,58.91999816894531,58.59000015258789,58.81999969482422,51.32884216308594,6988900,MRK
2015-07-20,58.959999084472656,59.20000076293945,58.86000061035156,59.0,51.48591613769531,5697200,MRK
2015-07-21,58.9900016784668,59.02000045776367,58.650001525878906,58.66999816894531,51.19793701171875,6932800,MRK
2015-07-22,58.5099983215332,59.029998779296875,58.0099983215332,58.130001068115234,50.72671127319336,8617800,MRK
2015-07-23,58.529998779296875,58.529998779296875,57.939998626708984,58.06999969482422,50.674346923828125,6441600,MRK
2015-07-24,57.709999084472656,57.880001068115234,57.31999969482422,57.40999984741211,50.098419189453125,7847100,MRK
2015-07-27,57.43000030517578,57.45000076293945,56.630001068115234,56.9900016784668,49.73189926147461,14887000,MRK
2015-07-28,56.52000045776367,57.63999938964844,55.83000183105469,57.52000045776367,50.194400787353516,16387100,MRK
2015-07-29,57.689998626708984,58.81999969482422,57.63999938964844,58.540000915527344,51.084495544433594,12876000,MRK
2015-07-30,58.619998931884766,58.81999969482422,58.279998779296875,58.52000045776367,51.06705093383789,6989500,MRK
2015-07-31,59.0,59.33000183105469,58.70000076293945,58.959999084472656,51.45100784301758,8752500,MRK
2015-08-03,59.29999923706055,59.45000076293945,58.47999954223633,59.04999923706055,51.529544830322266,6807000,MRK
2015-08-04,59.439998626708984,59.470001220703125,58.369998931884766,58.70000076293945,51.22412109375,6935800,MRK
2015-08-05,59.08000183105469,59.279998779296875,58.77000045776367,59.099998474121094,51.57318115234375,5702600,MRK
2015-08-06,59.15999984741211,59.25,58.31999969482422,58.43000030517578,50.98851013183594,7019700,MRK
2015-08-07,58.349998474121094,58.45000076293945,57.66999816894531,57.970001220703125,50.58708190917969,9712400,MRK
2015-08-10,58.2599983215332,58.61000061035156,58.2599983215332,58.40999984741211,50.971046447753906,5052400,MRK
2015-08-11,57.93000030517578,58.189998626708984,57.560001373291016,57.7599983215332,50.40383529663086,7078300,MRK
2015-08-12,57.279998779296875,58.279998779296875,57.119998931884766,58.2599983215332,50.84016036987305,7525300,MRK
2015-08-13,58.54999923706055,59.45000076293945,58.5,58.97999954223633,51.46845626831055,10957200,MRK
2015-08-14,59.0099983215332,59.56999969482422,58.869998931884766,59.18000030517578,51.64299011230469,9466400,MRK
2015-08-17,58.79999923706055,59.75,58.58000183105469,59.709999084472656,52.10548400878906,6113700,MRK
2015-08-18,59.66999816894531,59.95000076293945,59.560001373291016,59.65999984741211,52.061851501464844,6797400,MRK
2015-08-19,59.31999969482422,60.06999969482422,59.189998626708984,59.65999984741211,52.061851501464844,7986300,MRK
2015-08-20,58.290000915527344,58.54999923706055,56.7400016784668,56.95000076293945,49.696990966796875,23694400,MRK
2015-08-21,56.59000015258789,57.630001068115234,55.7599983215332,55.77000045776367,48.66727828979492,17632500,MRK
2015-08-24,53.06999969482422,54.400001525878906,45.689998626708984,53.9900016784668,47.113975524902344,24838600,MRK
2015-08-25,55.38999938964844,55.40999984741211,51.0,51.16999816894531,44.65311813354492,22849800,MRK
2015-08-26,53.400001525878906,54.61000061035156,52.4900016784668,54.41999816894531,47.48921203613281,22891200,MRK
2015-08-27,55.279998779296875,55.400001525878906,53.63999938964844,54.95000076293945,47.95170974731445,16135600,MRK
2015-08-28,54.779998779296875,55.40999984741211,54.59000015258789,55.369998931884766,48.31822204589844,12797000,MRK
2015-08-31,55.119998931884766,55.29999923706055,53.619998931884766,53.849998474121094,46.9918098449707,12917100,MRK
2015-09-01,52.65999984741211,53.22999954223633,52.20000076293945,52.529998779296875,45.83991622924805,15747400,MRK
2015-09-02,53.16999816894531,53.27000045776367,52.349998474121094,52.97999954223633,46.23259735107422,13130800,MRK
2015-09-03,53.27000045776367,53.54999923706055,52.599998474121094,52.650001525878906,45.94462966918945,12149100,MRK
2015-09-04,52.099998474121094,52.2400016784668,51.18000030517578,51.59000015258789,45.01963806152344,14491300,MRK
2015-09-08,53.0099983215332,53.02000045776367,52.20000076293945,52.689998626708984,45.97953796386719,14961100,MRK
2015-09-09,53.209999084472656,53.33000183105469,51.810001373291016,51.93000030517578,45.31632995605469,11116700,MRK
2015-09-10,52.02000045776367,53.20000076293945,51.86000061035156,52.720001220703125,46.00571823120117,14065400,MRK
2015-09-11,52.209999084472656,52.45000076293945,51.709999084472656,52.09000015258789,45.847286224365234,12090800,MRK
2015-09-14,52.119998931884766,52.72999954223633,51.9900016784668,52.34000015258789,46.06732940673828,8791400,MRK
2015-09-15,52.779998779296875,53.88999938964844,52.66999816894531,53.54999923706055,47.13232421875,11792200,MRK
2015-09-16,53.5099983215332,53.970001220703125,53.31999969482422,53.869998931884766,47.41395950317383,8681400,MRK
2015-09-17,53.849998474121094,54.5,53.02000045776367,53.959999084472656,47.49318313598633,22799900,MRK
2015-09-18,53.68000030517578,53.869998931884766,51.90999984741211,52.130001068115234,45.88249969482422,28997900,MRK
2015-09-21,52.439998626708984,52.439998626708984,50.689998626708984,50.97999954223633,44.87031173706055,17243300,MRK
2015-09-22,50.54999923706055,51.0,50.2599983215332,50.7400016784668,44.65908432006836,12795600,MRK
2015-09-23,50.7400016784668,51.439998626708984,50.38999938964844,51.029998779296875,44.91432571411133,10055500,MRK
2015-09-24,50.529998779296875,50.86000061035156,50.220001220703125,50.59000015258789,44.52705383300781,10508300,MRK
2015-09-25,50.91999816894531,51.31999969482422,49.130001068115234,49.599998474121094,43.655704498291016,15322700,MRK
2015-09-28,49.29999923706055,49.369998931884766,48.09000015258789,48.41999816894531,42.617122650146484,20150500,MRK
2015-09-29,48.58000183105469,49.29999923706055,48.20000076293945,48.650001525878906,42.81956481933594,12802900,MRK
2015-09-30,49.400001525878906,49.540000915527344,48.849998474121094,49.38999938964844,43.47086715698242,12679100,MRK
2015-10-01,49.349998474121094,49.56999969482422,48.540000915527344,49.369998931884766,43.45326614379883,14408600,MRK
2015-10-02,48.790000915527344,50.150001525878906,48.349998474121094,50.13999938964844,44.13098907470703,24287900,MRK
2015-10-05,51.06999969482422,51.31999969482422,50.689998626708984,51.22999954223633,45.090354919433594,15881600,MRK
2015-10-06,51.38999938964844,51.38999938964844,49.31999969482422,49.79999923706055,43.83173751831055,16493500,MRK
2015-10-07,50.459999084472656,51.119998931884766,49.77000045776367,50.95000076293945,44.84391403198242,14508200,MRK
2015-10-08,50.65999984741211,51.189998626708984,50.13999938964844,51.02000045776367,44.9055290222168,12542000,MRK
2015-10-09,50.9900016784668,51.5099983215332,50.689998626708984,50.95000076293945,44.84391403198242,10921400,MRK
2015-10-12,49.709999084472656,50.849998474121094,49.689998626708984,50.709999084472656,44.63267517089844,11653300,MRK
2015-10-13,50.779998779296875,50.90999984741211,49.36000061035156,49.470001220703125,43.541282653808594,14905900,MRK
2015-10-14,49.59000015258789,50.119998931884766,49.45000076293945,49.540000915527344,43.6028938293457,13731200,MRK
2015-10-15,49.66999816894531,51.08000183105469,49.25,50.720001220703125,44.641475677490234,14037500,MRK
2015-10-16,51.29999923706055,51.720001220703125,51.08000183105469,51.47999954223633,45.310401916503906,11092500,MRK
2015-10-19,51.33000183105469,51.54999923706055,50.93000030517578,51.400001525878906,45.239986419677734,8441900,MRK
2015-10-20,51.38999938964844,51.470001220703125,50.099998474121094,50.38999938964844,44.35102081298828,9944900,MRK
2015-10-21,50.75,50.97999954223633,50.150001525878906,50.59000015258789,44.52705383300781,11269900,MRK
2015-10-22,50.81999969482422,52.560001373291016,50.29999923706055,52.0099983215332,45.77687072753906,18449600,MRK
2015-10-23,52.349998474121094,53.25,52.13999938964844,52.880001068115234,46.54261016845703,15703500,MRK
2015-10-26,52.650001525878906,53.16999816894531,52.470001220703125,52.90999984741211,46.56901931762695,10975200,MRK
2015-10-27,53.7599983215332,54.099998474121094,52.779998779296875,53.470001220703125,47.06190490722656,13956900,MRK
2015-10-28,53.9900016784668,55.13999938964844,53.54999923706055,55.099998474121094,48.496559143066406,14710000,MRK
2015-10-29,54.959999084472656,55.63999938964844,54.470001220703125,54.869998931884766,48.29412841796875,8907300,MRK
2015-10-30,54.790000915527344,55.27000045776367,54.65999984741211,54.65999984741211,48.109283447265625,11017400,MRK
2015-11-02,54.689998626708984,55.33000183105469,54.40999984741211,55.11000061035156,48.5053596496582,10559100,MRK
2015-11-03,55.08000183105469,55.380001068115234,54.47999954223633,55.11000061035156,48.5053596496582,9216200,MRK
2015-11-04,55.470001220703125,55.77000045776367,55.18000030517578,55.529998779296875,48.875030517578125,7749200,MRK
2015-11-05,55.459999084472656,55.68000030517578,54.68000030517578,55.04999923706055,48.452552795410156,9046800,MRK
2015-11-06,54.790000915527344,54.880001068115234,54.0099983215332,54.61000061035156,48.06528091430664,10723000,MRK
2015-11-09,54.029998779296875,54.40999984741211,53.7400016784668,54.2400016784668,47.739620208740234,9140200,MRK
2015-11-10,54.380001068115234,54.599998474121094,54.02000045776367,54.43000030517578,47.906856536865234,7462300,MRK
2015-11-11,54.810001373291016,55.0,53.68000030517578,53.720001220703125,47.28194808959961,8544600,MRK
2015-11-12,53.59000015258789,53.970001220703125,53.029998779296875,53.029998779296875,46.67463302612305,8577500,MRK
2015-11-13,53.459999084472656,53.720001220703125,52.900001525878906,53.029998779296875,46.67463302612305,11394500,MRK
2015-11-16,52.189998626708984,53.810001373291016,52.130001068115234,53.70000076293945,47.264339447021484,6907800,MRK
2015-11-17,53.709999084472656,54.29999923706055,53.290000915527344,53.709999084472656,47.27313995361328,7126600,MRK
2015-11-18,53.86000061035156,54.31999969482422,53.70000076293945,54.22999954223633,47.7308235168457,10811400,MRK
2015-11-19,54.439998626708984,54.529998779296875,53.91999816894531,54.279998779296875,47.77482604980469,6839200,MRK
2015-11-20,54.61000061035156,54.86000061035156,54.0,54.099998474121094,47.61640167236328,8933300,MRK
2015-11-23,54.08000183105469,54.20000076293945,53.779998779296875,54.0099983215332,47.53718185424805,8688100,MRK
2015-11-24,53.560001373291016,53.68000030517578,53.099998474121094,53.47999954223633,47.07070541381836,10507200,MRK
2015-11-25,53.619998931884766,53.91999816894531,53.459999084472656,53.720001220703125,47.28194808959961,6078900,MRK
2015-11-27,53.36000061035156,54.20000076293945,53.36000061035156,53.959999084472656,47.49318313598633,2981600,MRK
2015-11-30,54.040000915527344,54.11000061035156,53.0,53.0099983215332,46.65702819824219,13363200,MRK
2015-12-01,53.77000045776367,54.63999938964844,53.439998626708984,54.56999969482422,48.03007125854492,12996800,MRK
2015-12-02,54.65999984741211,54.9900016784668,53.75,53.81999969482422,47.36996078491211,10099300,MRK
2015-12-03,54.06999969482422,54.09000015258789,52.2400016784668,52.59000015258789,46.28736877441406,13595100,MRK
2015-12-04,52.869998931884766,53.68000030517578,52.83000183105469,53.63999938964844,47.21153259277344,13687000,MRK
2015-12-07,54.02000045776367,54.22999954223633,53.18000030517578,53.68000030517578,47.246742248535156,8696000,MRK
2015-12-08,53.56999969482422,54.400001525878906,53.220001220703125,53.470001220703125,47.06190490722656,7573200,MRK
2015-12-09,53.279998779296875,53.61000061035156,52.52000045776367,52.81999969482422,46.48979568481445,10357200,MRK
2015-12-10,53.02000045776367,53.97999954223633,52.81999969482422,53.689998626708984,47.255531311035156,11451900,MRK
2015-12-11,53.0,53.279998779296875,52.02000045776367,52.150001525878906,46.2967529296875,10397900,MRK
2015-12-14,52.150001525878906,52.36000061035156,51.650001525878906,52.20000076293945,46.34114074707031,11999200,MRK
2015-12-15,52.47999954223633,53.189998626708984,52.22999954223633,52.900001525878906,46.962581634521484,11585900,MRK
2015-12-16,53.41999816894531,54.11000061035156,53.0,54.02000045776367,47.956871032714844,10014300,MRK
2015-12-17,54.11000061035156,54.25,52.65999984741211,52.65999984741211,46.749515533447266,13517100,MRK
2015-12-18,52.150001525878906,52.31999969482422,51.61000061035156,51.63999938964844,45.843994140625,21101800,MRK
2015-12-21,52.150001525878906,52.150001525878906,51.20000076293945,51.869998931884766,46.04818344116211,11636100,MRK
2015-12-22,52.0099983215332,52.22999954223633,51.279998779296875,52.099998474121094,46.25236129760742,13196900,MRK
2015-12-23,52.380001068115234,53.220001220703125,52.36000061035156,52.97999954223633,47.03359603881836,7127400,MRK
2015-12-24,52.790000915527344,53.130001068115234,52.61000061035156,52.849998474121094,46.918190002441406,2980100,MRK
2015-12-28,52.790000915527344,53.040000915527344,52.56999969482422,52.84000015258789,46.90930938720703,4836300,MRK
2015-12-29,52.970001220703125,53.61000061035156,52.90999984741211,53.34000015258789,47.35319137573242,6608500,MRK
2015-12-30,53.34000015258789,53.58000183105469,53.08000183105469,53.25,47.27328872680664,5560300,MRK
2015-12-31,52.79999923706055,53.290000915527344,52.65999984741211,52.81999969482422,46.89155197143555,8292900,MRK
2016-01-04,52.0099983215332,52.61000061035156,51.61000061035156,52.47999954223633,46.589717864990234,17174600,MRK
2016-01-05,52.790000915527344,53.470001220703125,52.66999816894531,53.150001525878906,47.18452072143555,11075500,MRK
2016-01-06,52.5099983215332,52.95000076293945,52.209999084472656,52.41999816894531,46.536441802978516,12465900,MRK
2016-01-07,51.52000045776367,52.31999969482422,51.439998626708984,51.959999084472656,46.128082275390625,12720000,MRK
2016-01-08,52.5099983215332,52.52000045776367,50.86000061035156,51.08000183105469,45.34684753417969,14156200,MRK
2016-01-11,51.25,51.540000915527344,50.61000061035156,51.25,45.497772216796875,14367400,MRK
2016-01-12,51.5099983215332,52.06999969482422,50.97999954223633,51.7599983215332,45.950531005859375,11321000,MRK
2016-01-13,51.90999984741211,52.060001373291016,50.58000183105469,50.65999984741211,44.973995208740234,16546600,MRK
2016-01-14,50.66999816894531,52.11000061035156,50.59000015258789,51.79999923706055,45.98604202270508,13568500,MRK
2016-01-15,50.5,51.29999923706055,50.099998474121094,51.13999938964844,45.400115966796875,15490400,MRK
2016-01-19,51.599998474121094,51.90999984741211,50.810001373291016,51.34000015258789,45.577667236328125,10929500,MRK
2016-01-20,50.290000915527344,51.02000045776367,49.29999923706055,50.54999923706055,44.876338958740234,15920400,MRK
2016-01-21,50.779998779296875,51.31999969482422,50.09000015258789,50.91999816894531,45.20480728149414,11927200,MRK
2016-01-22,51.439998626708984,51.7400016784668,50.95000076293945,51.349998474121094,45.586544036865234,10812800,MRK
2016-01-25,51.349998474121094,51.439998626708984,50.7599983215332,50.91999816894531,45.20480728149414,9280500,MRK
2016-01-26,51.04999923706055,51.599998474121094,50.7599983215332,51.45000076293945,45.675323486328125,9017500,MRK
2016-01-27,50.65999984741211,51.56999969482422,49.83000183105469,50.369998931884766,44.71653747558594,13119100,MRK
2016-01-28,50.33000183105469,50.540000915527344,48.97999954223633,49.20000076293945,43.6778564453125,18126900,MRK
2016-01-29,49.79999923706055,50.66999816894531,49.58000183105469,50.66999816894531,44.982872009277344,16922700,MRK
2016-02-01,50.38999938964844,50.97999954223633,49.84000015258789,50.75,45.05389404296875,11431200,MRK
2016-02-02,50.27000045776367,50.5099983215332,49.900001525878906,50.40999984741211,44.75204849243164,14899300,MRK
2016-02-03,49.619998931884766,50.11000061035156,48.58000183105469,50.04999923706055,44.432456970214844,19568600,MRK
2016-02-04,49.70000076293945,49.7400016784668,48.029998779296875,48.59000015258789,43.136322021484375,20609200,MRK
2016-02-05,48.599998474121094,49.720001220703125,48.27000045776367,49.380001068115234,43.83765411376953,16883000,MRK
2016-02-08,48.93000030517578,49.33000183105469,47.970001220703125,48.83000183105469,43.349395751953125,13345100,MRK
2016-02-09,48.689998626708984,49.56999969482422,48.400001525878906,49.15999984741211,43.6423454284668,10649100,MRK
2016-02-10,49.5099983215332,50.40999984741211,49.4900016784668,49.529998779296875,43.97081756591797,11036100,MRK
2016-02-11,48.810001373291016,49.38999938964844,48.5099983215332,48.849998474121094,43.36714172363281,11088400,MRK
2016-02-12,48.97999954223633,49.11000061035156,48.279998779296875,49.029998779296875,43.526939392089844,13598300,MRK
2016-02-16,49.400001525878906,49.9900016784668,49.2400016784668,49.779998779296875,44.19276809692383,11416200,MRK
2016-02-17,50.0,50.650001525878906,49.959999084472656,50.599998474121094,44.92073059082031,9323300,MRK
2016-02-18,50.599998474121094,50.9900016784668,50.25,50.31999969482422,44.672149658203125,9612900,MRK
2016-02-19,50.25,50.400001525878906,49.869998931884766,50.119998931884766,44.494598388671875,8964200,MRK
2016-02-22,50.279998779296875,50.779998779296875,50.130001068115234,50.77000045776367,45.07164764404297,7770300,MRK
2016-02-23,50.560001373291016,50.939998626708984,50.43000030517578,50.540000915527344,44.86745834350586,7899500,MRK
2016-02-24,50.15999984741211,50.619998931884766,49.630001068115234,50.560001373291016,44.88521957397461,7572700,MRK
2016-02-25,50.560001373291016,51.0,50.38999938964844,51.0,45.27582931518555,8693700,MRK
2016-02-26,51.04999923706055,51.130001068115234,50.630001068115234,50.63999938964844,44.95623016357422,9251300,MRK
2016-02-29,50.52000045776367,50.83000183105469,50.150001525878906,50.209999084472656,44.574501037597656,12888700,MRK
2016-03-01,50.38999938964844,51.939998626708984,50.09000015258789,51.75,45.941654205322266,12105700,MRK
2016-03-02,51.630001068115234,52.439998626708984,51.52000045776367,52.27000045776367,46.40328598022461,11974100,MRK
2016-03-03,52.18000030517578,52.31999969482422,51.150001525878906,52.099998474121094,46.25236129760742,9808800,MRK
2016-03-04,51.849998474121094,52.290000915527344,51.5,52.08000183105469,46.23460388183594,9085800,MRK
2016-03-07,51.84000015258789,52.93000030517578,51.75,52.63999938964844,46.73175811767578,7466300,MRK
2016-03-08,52.36000061035156,52.93000030517578,52.290000915527344,52.45000076293945,46.56308364868164,8269000,MRK
2016-03-09,52.58000183105469,52.88999938964844,52.099998474121094,52.36000061035156,46.483184814453125,9150600,MRK
2016-03-10,52.689998626708984,53.2400016784668,52.43000030517578,53.040000915527344,47.08685302734375,12267500,MRK
2016-03-11,53.02000045776367,53.459999084472656,52.779998779296875,53.20000076293945,47.64208984375,15532400,MRK
2016-03-14,53.150001525878906,53.31999969482422,52.84000015258789,53.08000183105469,47.53462219238281,6532900,MRK
2016-03-15,52.47999954223633,52.63999938964844,51.95000076293945,52.41999816894531,46.94356918334961,9060700,MRK
2016-03-16,52.310001373291016,52.310001373291016,51.560001373291016,51.939998626708984,46.51372528076172,9981300,MRK
2016-03-17,51.93000030517578,51.970001220703125,51.33000183105469,51.529998779296875,46.14655685424805,9578400,MRK
2016-03-18,51.7400016784668,52.41999816894531,51.59000015258789,52.25,46.79133987426758,14424300,MRK
2016-03-21,52.33000183105469,52.83000183105469,52.099998474121094,52.79999923706055,47.28388595581055,7647100,MRK
2016-03-22,52.58000183105469,53.459999084472656,52.54999923706055,53.029998779296875,47.489845275878906,9302300,MRK
2016-03-23,53.599998474121094,53.599998474121094,52.849998474121094,53.08000183105469,47.53462219238281,9947500,MRK
2016-03-24,52.790000915527344,53.349998474121094,52.59000015258789,53.06999969482422,47.525672912597656,7566200,MRK
2016-03-28,53.119998931884766,53.290000915527344,52.650001525878906,52.83000183105469,47.31074142456055,6046800,MRK
2016-03-29,52.90999984741211,53.40999984741211,52.56999969482422,53.31999969482422,47.74955749511719,7376700,MRK
2016-03-30,53.47999954223633,53.54999923706055,53.11000061035156,53.220001220703125,47.660003662109375,6403900,MRK
2016-03-31,53.08000183105469,53.47999954223633,52.7599983215332,52.90999984741211,47.382389068603516,8335000,MRK
2016-04-01,52.5,53.790000915527344,52.439998626708984,53.70000076293945,48.0898551940918,8683100,MRK
2016-04-04,53.90999984741211,54.630001068115234,53.75,54.400001525878906,48.716732025146484,10249600,MRK
2016-04-05,54.09000015258789,54.720001220703125,53.9900016784668,54.2400016784668,48.57344055175781,9000800,MRK
2016-04-06,54.349998474121094,55.790000915527344,54.2599983215332,55.630001068115234,49.81822204589844,12480400,MRK
2016-04-07,55.34000015258789,55.779998779296875,55.04999923706055,55.41999816894531,49.630165100097656,10536800,MRK
2016-04-08,55.75,55.90999984741211,55.099998474121094,55.36000061035156,49.57643508911133,6987400,MRK
2016-04-11,55.369998931884766,55.7400016784668,54.97999954223633,55.04999923706055,49.298824310302734,7065600,MRK
2016-04-12,54.970001220703125,55.75,54.939998626708984,55.34000015258789,49.55852127075195,5937000,MRK
2016-04-13,55.459999084472656,55.9900016784668,55.27000045776367,55.959999084472656,50.11375045776367,8444500,MRK
2016-04-14,56.02000045776367,56.599998474121094,55.939998626708984,56.45000076293945,50.552555084228516,8356700,MRK
2016-04-15,56.529998779296875,56.54999923706055,55.880001068115234,56.13999938964844,50.27494430541992,8434400,MRK
2016-04-18,56.13999938964844,56.83000183105469,55.91999816894531,56.5099983215332,50.60628890991211,7794200,MRK
2016-04-19,56.72999954223633,57.380001068115234,56.220001220703125,56.86000061035156,50.91972351074219,7644200,MRK
2016-04-20,57.150001525878906,57.400001525878906,56.439998626708984,56.58000183105469,50.66897964477539,8520900,MRK
2016-04-21,56.34000015258789,57.029998779296875,56.310001373291016,56.599998474121094,50.686885833740234,10535300,MRK
2016-04-22,56.689998626708984,57.029998779296875,56.5099983215332,56.7400016784668,50.81226348876953,7093500,MRK
2016-04-25,56.47999954223633,56.63999938964844,56.0,56.220001220703125,50.34659194946289,8280200,MRK
2016-04-26,56.40999984741211,56.41999816894531,55.869998931884766,56.040000915527344,50.185394287109375,7226600,MRK
2016-04-27,56.060001373291016,56.619998931884766,56.060001373291016,56.310001373291016,50.42718505859375,6941400,MRK
2016-04-28,55.88999938964844,56.22999954223633,55.54999923706055,55.7400016784668,49.916744232177734,9094700,MRK
2016-04-29,55.63999938964844,55.63999938964844,54.560001373291016,54.84000015258789,49.110755920410156,13228000,MRK
2016-05-02,54.849998474121094,55.36000061035156,54.70000076293945,55.29999923706055,49.52269744873047,9678900,MRK
2016-05-03,55.13999938964844,55.45000076293945,54.849998474121094,55.08000183105469,49.325679779052734,7601200,MRK
2016-05-04,54.709999084472656,55.040000915527344,54.470001220703125,54.810001373291016,49.08389663696289,7706000,MRK
2016-05-05,54.279998779296875,54.400001525878906,53.34000015258789,54.09000015258789,48.43911361694336,11225200,MRK
2016-05-06,53.81999969482422,53.970001220703125,53.060001373291016,53.599998474121094,48.000301361083984,10526300,MRK
2016-05-09,53.56999969482422,54.33000183105469,53.5099983215332,54.099998474121094,48.44806671142578,7975400,MRK
2016-05-10,54.470001220703125,54.72999954223633,54.38999938964844,54.68000030517578,48.96747589111328,6486200,MRK
2016-05-11,54.70000076293945,54.790000915527344,54.2599983215332,54.310001373291016,48.63612747192383,6572900,MRK
2016-05-12,54.59000015258789,54.619998931884766,53.93000030517578,54.119998931884766,48.465972900390625,8244300,MRK
2016-05-13,54.099998474121094,54.5099983215332,53.83000183105469,53.880001068115234,48.25105285644531,7125200,MRK
2016-05-16,53.77000045776367,54.77000045776367,53.59000015258789,54.650001525878906,48.940608978271484,6649100,MRK
2016-05-17,54.40999984741211,54.56999969482422,53.97999954223633,54.31999969482422,48.64508056640625,11794000,MRK
2016-05-18,54.38999938964844,54.95000076293945,54.16999816894531,54.66999816894531,48.95851135253906,7391200,MRK
2016-05-19,54.15999984741211,54.97999954223633,54.08000183105469,54.58000183105469,48.87792205810547,8733900,MRK
2016-05-20,54.83000183105469,55.540000915527344,54.630001068115234,55.11000061035156,49.35255432128906,8633100,MRK
2016-05-23,55.0,55.22999954223633,54.779998779296875,54.91999816894531,49.182395935058594,5570300,MRK
2016-05-24,55.22999954223633,55.88999938964844,55.18000030517578,55.599998474121094,49.791358947753906,6311200,MRK
2016-05-25,55.810001373291016,56.66999816894531,55.77000045776367,56.56999969482422,50.66001892089844,9592200,MRK
2016-05-26,56.470001220703125,56.720001220703125,56.34000015258789,56.38999938964844,50.49882507324219,5720500,MRK
2016-05-27,56.5,56.84000015258789,56.22999954223633,56.47999954223633,50.57942581176758,7508800,MRK
2016-05-31,56.4900016784668,56.720001220703125,56.08000183105469,56.2599983215332,50.382408142089844,9468500,MRK
2016-06-01,56.20000076293945,56.52000045776367,55.95000076293945,56.33000183105469,50.44509506225586,6691000,MRK
2016-06-02,56.439998626708984,56.86000061035156,56.36000061035156,56.81999969482422,50.8839111328125,7295500,MRK
2016-06-03,56.84000015258789,56.959999084472656,56.279998779296875,56.63999938964844,50.722713470458984,5436900,MRK
2016-06-06,56.65999984741211,57.369998931884766,56.650001525878906,57.16999816894531,51.19734191894531,6904000,MRK
2016-06-07,57.20000076293945,57.439998626708984,56.91999816894531,57.0,51.045101165771484,6252400,MRK
2016-06-08,56.970001220703125,57.869998931884766,56.970001220703125,57.619998931884766,51.6003303527832,7790100,MRK
2016-06-09,57.5099983215332,57.81999969482422,56.93000030517578,57.18000030517578,51.20629119873047,9227700,MRK
2016-06-10,56.81999969482422,57.08000183105469,56.56999969482422,56.810001373291016,50.87494659423828,9531700,MRK
2016-06-13,56.18000030517578,56.68000030517578,56.09000015258789,56.11000061035156,50.65827178955078,6204800,MRK
2016-06-14,55.77000045776367,56.310001373291016,55.619998931884766,56.25,50.78466033935547,8594200,MRK
2016-06-15,56.40999984741211,56.52000045776367,55.95000076293945,56.09000015258789,50.64020919799805,7648800,MRK
2016-06-16,56.9900016784668,57.66999816894531,56.130001068115234,57.5,51.913211822509766,22052200,MRK
2016-06-17,57.43000030517578,57.43000030517578,55.70000076293945,55.88999938964844,50.45964431762695,17484400,MRK
2016-06-20,56.34000015258789,56.599998474121094,56.119998931884766,56.13999938964844,50.68535232543945,8698700,MRK
2016-06-21,56.540000915527344,56.66999816894531,56.2400016784668,56.25,50.78466033935547,6403000,MRK
2016-06-22,56.13999938964844,57.27000045776367,56.099998474121094,57.040000915527344,51.497901916503906,12477500,MRK
2016-06-23,57.47999954223633,57.68000030517578,57.11000061035156,57.68000030517578,52.07572555541992,6968400,MRK
2016-06-24,56.040000915527344,57.06999969482422,55.77000045776367,55.880001068115234,50.45061492919922,17258600,MRK
2016-06-27,55.4900016784668,55.68000030517578,55.099998474121094,55.310001373291016,49.93599319458008,13093300,MRK
2016-06-28,55.439998626708984,55.66999816894531,55.11000061035156,55.58000183105469,50.17975997924805,12760100,MRK
2016-06-29,56.13999938964844,57.13999938964844,55.97999954223633,57.04999923706055,51.506935119628906,9813800,MRK
2016-06-30,57.150001525878906,57.68000030517578,56.90999984741211,57.61000061035156,52.01252365112305,9277700,MRK
2016-07-01,57.540000915527344,58.0,57.41999816894531,57.939998626708984,52.31046676635742,7868300,MRK
2016-07-05,57.779998779296875,58.16999816894531,57.779998779296875,58.0,52.36463928222656,7394100,MRK
2016-07-06,58.27000045776367,59.27000045776367,58.06999969482422,59.15999984741211,53.411922454833984,14327700,MRK
2016-07-07,58.88999938964844,59.02000045776367,58.290000915527344,58.779998779296875,53.06884002685547,9351900,MRK
2016-07-08,58.97999954223633,59.56999969482422,58.79999923706055,59.349998474121094,53.583465576171875,9479400,MRK
2016-07-11,59.2599983215332,59.75,59.20000076293945,59.34000015258789,53.574432373046875,7336700,MRK
2016-07-12,59.27000045776367,59.790000915527344,59.08000183105469,59.599998474121094,53.80916976928711,8401300,MRK
2016-07-13,59.779998779296875,59.95000076293945,59.47999954223633,59.54999923706055,53.76403045654297,6793200,MRK
2016-07-14,59.869998931884766,59.93000030517578,59.47999954223633,59.650001525878906,53.85431671142578,7345500,MRK
2016-07-15,59.79999923706055,59.93000030517578,59.25,59.630001068115234,53.83625793457031,8162700,MRK
2016-07-18,59.0,59.4900016784668,58.720001220703125,59.02000045776367,53.2855224609375,8769200,MRK
2016-07-19,59.08000183105469,59.5,58.560001373291016,58.65999984741211,52.960514068603516,8881300,MRK
2016-07-20,59.0,59.119998931884766,58.7599983215332,58.790000915527344,53.07787322998047,6476000,MRK
2016-07-21,59.0,59.11000061035156,58.560001373291016,58.790000915527344,53.07787322998047,6047100,MRK
2016-07-22,58.9900016784668,59.08000183105469,58.54999923706055,58.81999969482422,53.104957580566406,6269500,MRK
2016-07-25,58.630001068115234,58.880001068115234,57.97999954223633,58.560001373291016,52.8702278137207,8037200,MRK
2016-07-26,58.70000076293945,58.810001373291016,58.13999938964844,58.36000061035156,52.68965148925781,7150800,MRK
2016-07-27,58.38999938964844,58.720001220703125,57.93000030517578,58.599998474121094,52.906333923339844,7888800,MRK
2016-07-28,58.52000045776367,58.59000015258789,58.11000061035156,58.43000030517578,52.75284957885742,7289700,MRK
2016-07-29,59.0099983215332,59.20000076293945,58.27000045776367,58.65999984741211,52.960514068603516,8491200,MRK
2016-08-01,58.83000183105469,59.0,58.5,58.65999984741211,52.960514068603516,8871200,MRK
2016-08-02,58.68000030517578,58.72999954223633,58.25,58.33000183105469,52.662574768066406,6826300,MRK
2016-08-03,58.16999816894531,58.29999923706055,57.18000030517578,57.650001525878906,52.04863739013672,9637300,MRK
2016-08-04,57.7400016784668,58.22999954223633,57.7400016784668,57.84000015258789,52.22018051147461,5541400,MRK
2016-08-05,57.84000015258789,64.0,57.84000015258789,63.86000061035156,57.65526580810547,72876000,MRK
2016-08-08,62.65999984741211,63.02000045776367,61.95000076293945,62.86000061035156,56.7524299621582,25045900,MRK
2016-08-09,62.86000061035156,63.13999938964844,62.43000030517578,62.4900016784668,56.418373107910156,12234400,MRK
2016-08-10,62.09000015258789,63.099998474121094,62.06999969482422,62.63999938964844,56.55379867553711,8835400,MRK
2016-08-11,62.61000061035156,63.72999954223633,62.47999954223633,63.630001068115234,57.44761276245117,10365000,MRK
2016-08-12,63.13999938964844,63.45000076293945,62.93000030517578,63.349998474121094,57.19481658935547,6244300,MRK
2016-08-15,63.349998474121094,63.75,63.209999084472656,63.31999969482422,57.167728424072266,6650100,MRK
2016-08-16,63.0,63.31999969482422,62.84000015258789,63.040000915527344,56.914939880371094,5680100,MRK
2016-08-17,63.029998779296875,63.43000030517578,62.599998474121094,63.290000915527344,57.14065170288086,8271500,MRK
2016-08-18,63.08000183105469,63.63999938964844,63.08000183105469,63.630001068115234,57.44761276245117,6926600,MRK
2016-08-19,63.18000030517578,63.439998626708984,62.869998931884766,63.36000061035156,57.20384979248047,8480000,MRK
2016-08-22,63.25,63.63999938964844,63.08000183105469,63.54999923706055,57.37538146972656,6447200,MRK
2016-08-23,63.709999084472656,63.880001068115234,63.369998931884766,63.58000183105469,57.402469635009766,5798400,MRK
2016-08-24,63.599998474121094,63.779998779296875,62.5099983215332,62.72999954223633,56.63505172729492,7482900,MRK
2016-08-25,62.86000061035156,63.099998474121094,62.27000045776367,62.31999969482422,56.264888763427734,7947700,MRK
2016-08-26,62.47999954223633,62.9900016784668,62.18000030517578,62.849998474121094,56.74339294433594,7793800,MRK
2016-08-29,62.91999816894531,63.290000915527344,62.63999938964844,63.0099983215332,56.88785171508789,5575800,MRK
2016-08-30,62.959999084472656,63.029998779296875,62.5099983215332,62.709999084472656,56.617000579833984,6178000,MRK
2016-08-31,63.08000183105469,63.119998931884766,62.41999816894531,62.790000915527344,56.68923568725586,8860500,MRK
2016-09-01,62.70000076293945,62.97999954223633,62.38999938964844,62.900001525878906,56.78853988647461,6544700,MRK
2016-09-02,62.59000015258789,63.27000045776367,62.59000015258789,62.97999954223633,56.86076354980469,7613200,MRK
2016-09-06,62.9900016784668,63.470001220703125,62.77000045776367,63.2400016784668,57.09550857543945,7930300,MRK
2016-09-07,63.310001373291016,63.4900016784668,62.599998474121094,62.869998931884766,56.761451721191406,8668100,MRK
2016-09-08,62.45000076293945,63.290000915527344,62.33000183105469,63.2400016784668,57.09550857543945,9186300,MRK
2016-09-09,62.689998626708984,62.709999084472656,62.31999969482422,62.4900016784668,56.418373107910156,12587500,MRK
2016-09-12,62.0,63.4900016784668,61.90999984741211,63.189998626708984,57.05036544799805,10629500,MRK
2016-09-13,62.369998931884766,62.779998779296875,61.369998931884766,61.810001373291016,56.213661193847656,10223400,MRK
2016-09-14,61.91999816894531,62.34000015258789,61.29999923706055,61.349998474121094,55.795310974121094,10421800,MRK
2016-09-15,61.2400016784668,62.61000061035156,61.119998931884766,62.380001068115234,56.7320556640625,8997800,MRK
2016-09-16,62.45000076293945,62.619998931884766,62.060001373291016,62.279998779296875,56.64109802246094,12432300,MRK
2016-09-19,62.540000915527344,62.540000915527344,61.31999969482422,61.33000183105469,55.77712631225586,11287700,MRK
2016-09-20,61.900001525878906,62.40999984741211,61.689998626708984,61.939998626708984,56.331886291503906,9211600,MRK
2016-09-21,62.2599983215332,62.81999969482422,61.86000061035156,62.70000076293945,57.0230827331543,7219000,MRK
2016-09-22,62.91999816894531,63.470001220703125,62.83000183105469,63.02000045776367,57.314109802246094,8447800,MRK
2016-09-23,62.869998931884766,63.25,62.70000076293945,62.959999084472656,57.2595329284668,7679800,MRK
2016-09-26,62.529998779296875,62.58000183105469,61.880001068115234,62.150001525878906,56.52288055419922,6983800,MRK
2016-09-27,62.310001373291016,62.70000076293945,61.83000183105469,62.56999969482422,56.90484619140625,7340800,MRK
2016-09-28,63.0,63.47999954223633,62.5,63.29999923706055,57.56875991821289,11795000,MRK
2016-09-29,63.02000045776367,63.02000045776367,61.560001373291016,61.90999984741211,56.304603576660156,10930000,MRK
2016-09-30,61.88999938964844,62.72999954223633,61.86000061035156,62.40999984741211,56.75933837890625,13605300,MRK
2016-10-03,62.220001220703125,62.56999969482422,61.66999816894531,62.52000045776367,56.859378814697266,7520100,MRK
2016-10-04,62.47999954223633,62.95000076293945,61.939998626708984,62.459999084472656,56.80480194091797,7897400,MRK
2016-10-05,62.70000076293945,63.040000915527344,62.47999954223633,62.79999923706055,57.11403274536133,7871300,MRK
2016-10-06,62.4900016784668,62.689998626708984,61.7400016784668,62.65999984741211,56.9867057800293,11430500,MRK
2016-10-07,62.77000045776367,62.9900016784668,62.029998779296875,62.77000045776367,57.086734771728516,10775200,MRK
2016-10-10,64.20999908447266,64.86000061035156,63.439998626708984,63.900001525878906,58.114437103271484,20345900,MRK
2016-10-11,63.529998779296875,63.54999923706055,61.75,61.93000030517578,56.32279586791992,13955400,MRK
2016-10-12,62.400001525878906,62.630001068115234,61.58000183105469,61.65999984741211,56.077239990234375,10121900,MRK
2016-10-13,62.25,62.95000076293945,61.939998626708984,62.5099983215332,56.850276947021484,14541500,MRK
2016-10-14,62.720001220703125,62.86000061035156,62.130001068115234,62.13999938964844,56.513771057128906,12204200,MRK
2016-10-17,62.04999923706055,62.04999923706055,60.79999923706055,61.52000045776367,55.94991683959961,13054600,MRK
2016-10-18,61.900001525878906,62.619998931884766,61.83000183105469,62.09000015258789,56.46830749511719,9988000,MRK
2016-10-19,62.130001068115234,62.29999923706055,61.810001373291016,61.869998931884766,56.26823043823242,5582700,MRK
2016-10-20,61.95000076293945,62.27000045776367,61.689998626708984,61.91999816894531,56.313697814941406,6323400,MRK
2016-10-21,61.54999923706055,61.900001525878906,61.029998779296875,61.20000076293945,55.65889358520508,7406700,MRK
2016-10-24,61.400001525878906,61.47999954223633,60.63999938964844,60.75,55.2496337890625,9943000,MRK
2016-10-25,60.27000045776367,62.189998626708984,59.54999923706055,61.95000076293945,56.34097671508789,15188500,MRK
2016-10-26,61.7400016784668,61.849998474121094,60.54999923706055,60.869998931884766,55.358768463134766,9957800,MRK
2016-10-27,61.150001525878906,62.060001373291016,61.0,61.290000915527344,55.740745544433594,10350700,MRK
2016-10-28,61.02000045776367,61.06999969482422,58.45000076293945,58.84000015258789,53.51256561279297,20358400,MRK
2016-10-31,59.09000015258789,59.150001525878906,58.369998931884766,58.720001220703125,53.40343475341797,14254800,MRK
2016-11-01,59.0,59.59000015258789,58.5099983215332,59.29999923706055,53.93091583251953,14347400,MRK
2016-11-02,59.060001373291016,59.5099983215332,58.75,58.84000015258789,53.51256561279297,10724700,MRK
2016-11-03,59.18000030517578,59.220001220703125,58.290000915527344,58.43000030517578,53.139686584472656,11323000,MRK
2016-11-04,58.689998626708984,59.27000045776367,58.61000061035156,58.81999969482422,53.49437713623047,11318600,MRK
2016-11-07,59.52000045776367,60.209999084472656,59.47999954223633,60.04999923706055,54.613014221191406,10478300,MRK
2016-11-08,59.81999969482422,60.779998779296875,59.52000045776367,60.5099983215332,55.0313606262207,7942100,MRK
2016-11-09,63.959999084472656,65.0,62.7599983215332,64.18000030517578,58.369075775146484,27851100,MRK
2016-11-10,64.54000091552734,65.45999908447266,64.5199966430664,64.95999908447266,59.078453063964844,17862300,MRK
2016-11-11,64.08000183105469,64.51000213623047,63.58000183105469,63.95000076293945,58.1599006652832,14059700,MRK
2016-11-14,64.0,64.08999633789062,63.2400016784668,63.529998779296875,57.77793502807617,10124500,MRK
2016-11-15,63.68000030517578,63.72999954223633,63.08000183105469,63.650001525878906,57.887062072753906,7290400,MRK
2016-11-16,63.70000076293945,63.95000076293945,62.45000076293945,62.630001068115234,56.95941925048828,10780200,MRK
2016-11-17,62.5099983215332,62.790000915527344,62.119998931884766,62.70000076293945,57.0230827331543,8361300,MRK
2016-11-18,62.56999969482422,62.619998931884766,61.72999954223633,61.869998931884766,56.26823043823242,7696900,MRK
2016-11-21,61.939998626708984,62.38999938964844,61.720001220703125,62.29999923706055,56.6592903137207,6836700,MRK
2016-11-22,62.5,62.650001525878906,61.209999084472656,61.70000076293945,56.113624572753906,9592200,MRK
2016-11-23,60.33000183105469,61.70000076293945,59.81999969482422,61.63999938964844,56.059051513671875,9149000,MRK
2016-11-25,61.81999969482422,62.400001525878906,61.75,62.209999084472656,56.57743835449219,3501300,MRK
2016-11-28,61.779998779296875,62.060001373291016,61.619998931884766,61.79999923706055,56.20457077026367,7449400,MRK
2016-11-29,61.95000076293945,62.459999084472656,61.91999816894531,62.189998626708984,56.55925369262695,10034900,MRK
2016-11-30,62.310001373291016,62.31999969482422,60.9900016784668,61.189998626708984,55.64979553222656,12530700,MRK
2016-12-01,61.29999923706055,61.369998931884766,60.650001525878906,60.7599983215332,55.25872802734375,8398900,MRK
2016-12-02,61.04999923706055,61.52000045776367,60.630001068115234,61.130001068115234,55.5952262878418,7993100,MRK
2016-12-05,61.52000045776367,61.529998779296875,59.84000015258789,60.25,54.79490661621094,12985200,MRK
2016-12-06,60.18000030517578,60.38999938964844,59.61000061035156,60.279998779296875,54.82218933105469,10659600,MRK
2016-12-07,59.70000076293945,60.060001373291016,58.619998931884766,60.060001373291016,54.622108459472656,14049600,MRK
2016-12-08,59.72999954223633,60.36000061035156,59.5,60.119998931884766,54.676673889160156,8586600,MRK
2016-12-09,60.4900016784668,61.5099983215332,60.400001525878906,61.22999954223633,55.68617630004883,10516400,MRK
2016-12-12,61.439998626708984,62.099998474121094,61.29999923706055,61.720001220703125,56.13180923461914,8246000,MRK
2016-12-13,61.79999923706055,61.959999084472656,61.25,61.790000915527344,56.62669372558594,7842200,MRK
2016-12-14,61.849998474121094,62.7599983215332,61.59000015258789,61.79999923706055,56.6358528137207,11080700,MRK
2016-12-15,62.0,62.63999938964844,61.84000015258789,62.369998931884766,57.15821838378906,8509400,MRK
2016-12-16,62.65999984741211,63.029998779296875,62.04999923706055,62.439998626708984,57.22236633300781,17563700,MRK
2016-12-19,61.79999923706055,62.27000045776367,60.869998931884766,61.13999938964844,56.03099822998047,11939000,MRK
2016-12-20,61.189998626708984,61.68000030517578,60.369998931884766,60.5,55.444480895996094,10377100,MRK
2016-12-21,60.59000015258789,60.810001373291016,59.34000015258789,59.43000030517578,54.46390151977539,12052200,MRK
2016-12-22,59.619998931884766,60.0,59.15999984741211,59.58000183105469,54.60136032104492,10100000,MRK
2016-12-23,59.77000045776367,59.86000061035156,59.25,59.560001373291016,54.58302688598633,7591500,MRK
2016-12-27,59.869998931884766,60.13999938964844,59.560001373291016,59.790000915527344,54.7938117980957,5815600,MRK
2016-12-28,59.720001220703125,59.86000061035156,59.209999084472656,59.27000045776367,54.3172607421875,6174600,MRK
2016-12-29,59.290000915527344,59.59000015258789,58.97999954223633,59.040000915527344,54.10648727416992,6520100,MRK
2016-12-30,58.779998779296875,58.95000076293945,58.560001373291016,58.869998931884766,53.950687408447266,10772600,MRK
2017-01-03,59.150001525878906,60.380001068115234,59.04999923706055,60.150001525878906,55.12372970581055,11988700,MRK
2017-01-04,60.5,60.790000915527344,60.040000915527344,60.130001068115234,55.10539627075195,9411900,MRK
2017-01-05,60.220001220703125,60.58000183105469,60.0,60.11000061035156,55.08707046508789,10096800,MRK
2017-01-06,60.09000015258789,60.459999084472656,59.529998779296875,60.27000045776367,55.23370361328125,10238600,MRK
2017-01-09,60.29999923706055,61.47999954223633,60.08000183105469,61.099998474121094,55.99433898925781,9734600,MRK
2017-01-10,61.20000076293945,61.2400016784668,59.88999938964844,59.91999816894531,54.912940979003906,15302200,MRK
2017-01-11,62.34000015258789,63.15999984741211,60.75,61.630001068115234,56.48005294799805,32711700,MRK
2017-01-12,62.529998779296875,63.2400016784668,62.119998931884766,62.209999084472656,57.01158905029297,24885400,MRK
2017-01-13,62.33000183105469,62.68000030517578,62.099998474121094,62.34000015258789,57.1307258605957,9969100,MRK
2017-01-17,61.91999816894531,62.06999969482422,61.20000076293945,61.47999954223633,56.34259033203125,10592700,MRK
2017-01-18,61.380001068115234,61.779998779296875,61.08000183105469,61.16999816894531,56.05848693847656,8131700,MRK
2017-01-19,61.04999923706055,61.08000183105469,60.06999969482422,60.33000183105469,55.28868865966797,11397900,MRK
2017-01-20,62.400001525878906,62.91999816894531,62.150001525878906,62.529998779296875,57.304847717285156,25240300,MRK
2017-01-23,61.810001373291016,62.400001525878906,61.630001068115234,61.810001373291016,56.645015716552734,10201700,MRK
2017-01-24,61.59000015258789,61.689998626708984,60.72999954223633,61.209999084472656,56.095157623291016,10487500,MRK
2017-01-25,61.31999969482422,61.380001068115234,60.7599983215332,61.08000183105469,55.97601318359375,14557000,MRK
2017-01-26,61.02000045776367,61.36000061035156,60.540000915527344,61.20000076293945,56.085994720458984,12707500,MRK
2017-01-27,61.380001068115234,61.9900016784668,61.29999923706055,61.75,56.59003829956055,6653200,MRK
2017-01-30,61.52000045776367,61.709999084472656,60.93000030517578,61.43000030517578,56.29677200317383,7853600,MRK
2017-01-31,61.060001373291016,62.2400016784668,60.91999816894531,61.9900016784668,56.80997848510742,9821100,MRK
2017-02-01,62.060001373291016,62.27000045776367,61.560001373291016,62.099998474121094,56.9107780456543,11018800,MRK
2017-02-02,62.63999938964844,64.20999908447266,62.529998779296875,64.18000030517578,58.816978454589844,18990200,MRK
2017-02-03,63.86000061035156,64.33000183105469,63.27000045776367,64.29000091552734,58.917781829833984,11650500,MRK
2017-02-06,63.91999816894531,64.94999694824219,63.900001525878906,64.94000244140625,59.513465881347656,9158800,MRK
2017-02-07,64.76000213623047,64.93000030517578,64.05000305175781,64.19999694824219,58.83530044555664,8435300,MRK
2017-02-08,63.900001525878906,64.4800033569336,63.83000183105469,64.31999969482422,58.94527816772461,5906800,MRK
2017-02-09,64.31999969482422,64.81999969482422,64.30000305175781,64.38999938964844,59.00942611694336,7052900,MRK
2017-02-10,64.31999969482422,64.56999969482422,63.959999084472656,64.1500015258789,58.789485931396484,8531400,MRK
2017-02-13,64.25,64.83000183105469,64.22000122070312,64.7699966430664,59.35767364501953,7151100,MRK
2017-02-14,64.63999938964844,65.72000122070312,64.43000030517578,65.66000366210938,60.173309326171875,10142700,MRK
2017-02-15,64.9000015258789,65.87000274658203,64.8499984741211,65.16000366210938,59.715084075927734,17807300,MRK
2017-02-16,65.13999938964844,65.41000366210938,64.45999908447266,65.26000213623047,59.80672836303711,12346300,MRK
2017-02-17,65.19999694824219,65.55999755859375,64.86000061035156,65.38999938964844,59.92585754394531,9048300,MRK
2017-02-21,64.9000015258789,65.77999877929688,64.9000015258789,65.4800033569336,60.00834274291992,7386100,MRK
2017-02-22,65.5,65.75,65.08999633789062,65.29000091552734,59.8342170715332,8679600,MRK
2017-02-23,65.5199966430664,66.11000061035156,65.3499984741211,65.8499984741211,60.347415924072266,6855600,MRK
2017-02-24,65.6500015258789,66.16000366210938,65.62999725341797,66.16000366210938,60.63152313232422,8444300,MRK
2017-02-27,65.77999877929688,65.94000244140625,65.55999755859375,65.8499984741211,60.347415924072266,7133800,MRK
2017-02-28,65.80999755859375,66.1500015258789,65.6500015258789,65.87000274658203,60.36575698852539,7740500,MRK
2017-03-01,66.06999969482422,66.80000305175781,65.88999938964844,66.20999908447266,60.677337646484375,10680700,MRK
2017-03-02,66.37999725341797,66.58000183105469,66.0,66.08000183105469,60.558204650878906,8647700,MRK
2017-03-03,66.08000183105469,66.62000274658203,65.80999755859375,66.58000183105469,61.01642990112305,8316900,MRK
2017-03-06,66.08000183105469,66.77999877929688,65.9000015258789,66.47000122070312,60.915611267089844,8687500,MRK
2017-03-07,65.43000030517578,66.30999755859375,65.19000244140625,65.95999908447266,60.4482307434082,8328700,MRK
2017-03-08,65.95999908447266,66.12000274658203,65.2699966430664,65.80000305175781,60.301597595214844,8417600,MRK
2017-03-09,65.97000122070312,66.02999877929688,65.5199966430664,65.88999938964844,60.38407897949219,7735000,MRK
2017-03-10,66.06999969482422,66.19999694824219,65.5,65.5999984741211,60.11831283569336,8823900,MRK
2017-03-13,65.23999786376953,65.29000091552734,64.01000213623047,64.1500015258789,59.213722229003906,14198600,MRK
2017-03-14,64.12999725341797,64.51000213623047,64.05000305175781,64.19999694824219,59.2598762512207,7892900,MRK
2017-03-15,64.4000015258789,64.97000122070312,64.22000122070312,64.69999694824219,59.721405029296875,9025000,MRK
2017-03-16,64.56999969482422,64.79000091552734,63.9900016784668,64.18000030517578,59.24142074584961,9613200,MRK
2017-03-17,64.25,64.69999694824219,63.88999938964844,63.900001525878906,58.982967376708984,14449200,MRK
2017-03-20,64.13999938964844,64.30000305175781,64.0,64.11000061035156,59.17680358886719,12971200,MRK
2017-03-21,64.31999969482422,64.61000061035156,63.619998931884766,63.90999984741211,58.99219512939453,10550700,MRK
2017-03-22,63.97999954223633,64.11000061035156,63.25,63.5,58.61374282836914,9549000,MRK
2017-03-23,63.36000061035156,63.81999969482422,63.189998626708984,63.279998779296875,58.410667419433594,9461000,MRK
2017-03-24,63.15999984741211,63.529998779296875,62.86000061035156,63.18000030517578,58.318363189697266,9136500,MRK
2017-03-27,62.91999816894531,63.40999984741211,62.810001373291016,63.189998626708984,58.32759094238281,8015900,MRK
2017-03-28,63.20000076293945,63.400001525878906,62.880001068115234,63.34000015258789,58.46604919433594,10185000,MRK
2017-03-29,63.66999816894531,64.11000061035156,63.459999084472656,63.63999938964844,58.74296951293945,8135300,MRK
2017-03-30,63.5,63.68000030517578,63.31999969482422,63.45000076293945,58.567588806152344,5322000,MRK
2017-03-31,63.2599983215332,63.630001068115234,63.25,63.540000915527344,58.650665283203125,7614000,MRK
2017-04-03,63.43000030517578,63.709999084472656,63.220001220703125,63.470001220703125,58.5860481262207,6643600,MRK
2017-04-04,63.59000015258789,63.77000045776367,63.369998931884766,63.66999816894531,58.77065658569336,6345600,MRK
2017-04-05,63.689998626708984,64.1500015258789,63.5099983215332,63.56999969482422,58.67835235595703,7713300,MRK
2017-04-06,63.47999954223633,63.970001220703125,63.189998626708984,63.2400016784668,58.373748779296875,7552600,MRK
2017-04-07,63.279998779296875,63.33000183105469,62.95000076293945,63.130001068115234,58.272212982177734,7721100,MRK
2017-04-10,63.27000045776367,63.33000183105469,62.529998779296875,62.54999923706055,57.73684310913086,7247700,MRK
2017-04-11,62.4900016784668,62.7599983215332,62.18000030517578,62.58000183105469,57.76453399658203,6544800,MRK
2017-04-12,62.369998931884766,63.209999084472656,62.279998779296875,63.04999923706055,58.198368072509766,9509200,MRK
2017-04-13,62.790000915527344,63.0,62.560001373291016,62.61000061035156,57.79222869873047,5932500,MRK
2017-04-17,62.709999084472656,62.84000015258789,62.38999938964844,62.79999923706055,57.96760559082031,5334200,MRK
2017-04-18,62.459999084472656,62.459999084472656,61.9900016784668,62.27000045776367,57.4783935546875,7394500,MRK
2017-04-19,62.2599983215332,62.63999938964844,62.0,62.63999938964844,57.819915771484375,10349100,MRK
2017-04-20,62.65999984741211,62.75,62.25,62.54999923706055,57.73684310913086,8962300,MRK
2017-04-21,62.36000061035156,62.630001068115234,61.869998931884766,61.88999938964844,57.127628326416016,10498400,MRK
2017-04-24,62.5,62.52000045776367,62.02000045776367,62.13999938964844,57.358394622802734,8846300,MRK
2017-04-25,62.4900016784668,62.93000030517578,62.25,62.29999923706055,57.50608444213867,10691800,MRK
2017-04-26,62.630001068115234,62.880001068115234,62.43000030517578,62.70000076293945,57.87530517578125,8859300,MRK
2017-04-27,62.779998779296875,62.90999984741211,62.45000076293945,62.58000183105469,57.76453399658203,6603300,MRK
2017-04-28,62.58000183105469,62.650001525878906,62.13999938964844,62.33000183105469,57.53376770019531,9461700,MRK
2017-05-01,62.25,62.5,62.099998474121094,62.380001068115234,57.57992935180664,10217100,MRK
2017-05-02,62.5099983215332,63.2400016784668,62.310001373291016,62.70000076293945,57.87530517578125,13022500,MRK
2017-05-03,62.5,63.66999816894531,62.380001068115234,63.630001068115234,58.733741760253906,11429800,MRK
2017-05-04,63.66999816894531,63.88999938964844,63.220001220703125,63.380001068115234,58.50297546386719,8610000,MRK
2017-05-05,63.5,64.08999633789062,63.43000030517578,63.970001220703125,59.04758071899414,9346600,MRK
2017-05-08,63.90999984741211,64.51000213623047,63.83000183105469,64.01000213623047,59.08449935913086,11149500,MRK
2017-05-09,64.18000030517578,64.2699966430664,63.15999984741211,63.290000915527344,58.419898986816406,10222300,MRK
2017-05-10,63.130001068115234,63.95000076293945,63.09000015258789,63.939998626708984,59.01988220214844,9631800,MRK
2017-05-11,64.75,65.25,64.30999755859375,64.43000030517578,59.47218322753906,18515900,MRK
2017-05-12,64.38999938964844,64.66999816894531,63.27000045776367,63.56999969482422,58.67835235595703,10342100,MRK
2017-05-15,63.41999816894531,63.599998474121094,63.34000015258789,63.5099983215332,58.62297058105469,8311400,MRK
2017-05-16,63.439998626708984,63.869998931884766,63.13999938964844,63.790000915527344,58.88142395019531,7870700,MRK
2017-05-17,63.790000915527344,63.790000915527344,62.880001068115234,63.0,58.15221405029297,7916900,MRK
2017-05-18,62.90999984741211,64.5,62.90999984741211,63.88999938964844,58.973731994628906,11954500,MRK
2017-05-19,64.04000091552734,64.04000091552734,63.5,63.779998779296875,58.872196197509766,9293700,MRK
2017-05-22,63.70000076293945,64.44000244140625,63.56999969482422,64.04000091552734,59.11219024658203,6226500,MRK
2017-05-23,64.0,64.58999633789062,64.0,64.55000305175781,59.58294677734375,5734600,MRK
2017-05-24,64.7699966430664,65.19999694824219,64.54000091552734,64.93000030517578,59.93370819091797,6955400,MRK
2017-05-25,64.95999908447266,65.12000274658203,64.66000366210938,65.04000091552734,60.035247802734375,7095900,MRK
2017-05-26,65.0,65.20999908447266,64.81999969482422,64.91999816894531,59.92447280883789,3685700,MRK
2017-05-30,64.72000122070312,65.13999938964844,64.52999877929688,64.87999725341797,59.887542724609375,4885600,MRK
2017-05-31,65.08000183105469,65.48999786376953,65.02999877929688,65.11000061035156,60.099853515625,7788300,MRK
2017-06-01,65.08999633789062,65.26000213623047,64.86000061035156,65.26000213623047,60.238311767578125,7560500,MRK
2017-06-02,65.45999908447266,65.58000183105469,65.18000030517578,65.47000122070312,60.432159423828125,6298600,MRK
2017-06-05,65.3499984741211,65.38999938964844,64.69999694824219,65.06999969482422,60.06292724609375,5968500,MRK
2017-06-06,65.0,65.04000091552734,64.45999908447266,64.66999816894531,59.69371032714844,7841800,MRK
2017-06-07,64.5999984741211,64.6500015258789,64.0,64.05999755859375,59.13064956665039,7606600,MRK
2017-06-08,64.05999755859375,64.25,62.83000183105469,63.20000076293945,58.336830139160156,18522000,MRK
2017-06-09,63.20000076293945,64.44000244140625,63.13999938964844,64.38999938964844,59.43525695800781,10750400,MRK
2017-06-12,64.38999938964844,64.68000030517578,64.19999694824219,64.38999938964844,59.43525695800781,9400300,MRK
2017-06-13,63.72999954223633,63.84000015258789,63.029998779296875,63.27000045776367,58.83086013793945,12053000,MRK
2017-06-14,63.02000045776367,63.63999938964844,63.02000045776367,63.369998931884766,58.92384338378906,10338600,MRK
2017-06-15,63.29999923706055,63.439998626708984,62.880001068115234,63.189998626708984,58.756473541259766,7866800,MRK
2017-06-16,63.2599983215332,63.709999084472656,62.689998626708984,62.970001220703125,58.55191421508789,14902000,MRK
2017-06-19,63.09000015258789,63.810001373291016,63.02000045776367,63.68000030517578,59.212093353271484,8426900,MRK
2017-06-20,63.68000030517578,64.95999908447266,63.58000183105469,64.52999877929688,60.00245666503906,10263000,MRK
2017-06-21,64.55999755859375,65.5999984741211,64.55999755859375,65.45999908447266,60.86720275878906,11145000,MRK
2017-06-22,65.51000213623047,66.37000274658203,65.37999725341797,66.0199966430664,61.38791275024414,13441900,MRK
2017-06-23,66.04000091552734,66.38999938964844,65.83999633789062,66.16000366210938,61.518104553222656,14093500,MRK
2017-06-26,66.1500015258789,66.4000015258789,65.83000183105469,65.91999816894531,61.294925689697266,7576400,MRK
2017-06-27,66.2699966430664,66.2699966430664,65.54000091552734,65.54000091552734,60.94159698486328,8121600,MRK
2017-06-28,65.76000213623047,65.9000015258789,65.13999938964844,65.16000366210938,60.588260650634766,6733300,MRK
2017-06-29,65.01000213623047,65.08000183105469,64.08999633789062,64.33999633789062,59.82577896118164,8350300,MRK
2017-06-30,64.48999786376953,64.7300033569336,64.0,64.08999633789062,59.59332275390625,8360900,MRK
2017-07-03,63.849998474121094,64.62999725341797,63.849998474121094,64.2699966430664,59.76069259643555,4671400,MRK
2017-07-05,64.47000122070312,64.80000305175781,63.91999816894531,64.16000366210938,59.65842056274414,6507800,MRK
2017-07-06,63.77000045776367,63.90999984741211,62.9900016784668,63.099998474121094,58.672786712646484,11342700,MRK
2017-07-07,63.209999084472656,63.34000015258789,62.810001373291016,63.15999984741211,58.728580474853516,7243400,MRK
2017-07-10,63.38999938964844,63.400001525878906,62.61000061035156,62.83000183105469,58.42173767089844,6713800,MRK
2017-07-11,62.81999969482422,62.97999954223633,62.2400016784668,62.34000015258789,57.96611404418945,6877500,MRK
2017-07-12,62.65999984741211,63.130001068115234,62.65999984741211,62.779998779296875,58.375240325927734,8216000,MRK
2017-07-13,62.790000915527344,62.9900016784668,62.279998779296875,62.88999938964844,58.47752380371094,6799200,MRK
2017-07-14,62.93000030517578,63.400001525878906,62.86000061035156,63.060001373291016,58.635597229003906,6020900,MRK
2017-07-17,63.150001525878906,63.310001373291016,62.529998779296875,62.61000061035156,58.21717071533203,7387300,MRK
2017-07-18,62.5,62.630001068115234,62.27000045776367,62.40999984741211,58.03120422363281,6114900,MRK
2017-07-19,62.5,62.83000183105469,62.439998626708984,62.619998931884766,58.22646713256836,5699100,MRK
2017-07-20,62.90999984741211,63.2400016784668,62.86000061035156,62.939998626708984,58.52401351928711,6655100,MRK
2017-07-21,62.790000915527344,63.0,62.58000183105469,62.630001068115234,58.23576736450195,6906400,MRK
2017-07-24,62.540000915527344,62.900001525878906,62.5,62.56999969482422,58.17997360229492,7783700,MRK
2017-07-25,62.849998474121094,63.0,62.25,62.36000061035156,57.984710693359375,5955900,MRK
2017-07-26,62.310001373291016,62.34000015258789,61.720001220703125,61.79999923706055,57.46399688720703,9366700,MRK
2017-07-27,63.66999816894531,64.55000305175781,62.79999923706055,63.689998626708984,59.22138977050781,21846300,MRK
2017-07-28,63.810001373291016,64.36000061035156,63.220001220703125,64.11000061035156,59.6119270324707,13342100,MRK
2017-07-31,64.25,64.30999755859375,63.5099983215332,63.880001068115234,59.3980598449707,11714900,MRK
2017-08-01,64.04000091552734,64.2699966430664,63.77000045776367,63.91999816894531,59.43524932861328,6490900,MRK
2017-08-02,63.95000076293945,63.959999084472656,63.16999816894531,63.439998626708984,58.98893356323242,7034900,MRK
2017-08-03,63.209999084472656,63.72999954223633,63.18000030517578,63.52000045776367,59.06332015991211,7018800,MRK
2017-08-04,63.630001068115234,63.689998626708984,62.939998626708984,63.099998474121094,58.672786712646484,5341000,MRK
2017-08-07,62.95000076293945,63.09000015258789,62.65999984741211,62.84000015258789,58.431026458740234,6696800,MRK
2017-08-08,62.540000915527344,62.720001220703125,62.20000076293945,62.31999969482422,57.94751739501953,7680100,MRK
2017-08-09,62.45000076293945,62.720001220703125,62.220001220703125,62.4900016784668,58.1055908203125,6552300,MRK
2017-08-10,62.369998931884766,62.58000183105469,62.16999816894531,62.18000030517578,57.81733703613281,7765100,MRK
2017-08-11,62.41999816894531,62.959999084472656,62.2599983215332,62.380001068115234,58.00330352783203,6051000,MRK
2017-08-14,62.90999984741211,63.0,62.59000015258789,62.66999816894531,58.27295684814453,5507500,MRK
2017-08-15,62.72999954223633,63.029998779296875,62.4900016784668,62.5,58.11488723754883,6316000,MRK
2017-08-16,62.43000030517578,62.93000030517578,62.33000183105469,62.70000076293945,58.30086135864258,6061200,MRK
2017-08-17,62.75,63.02000045776367,61.810001373291016,61.84000015258789,57.50119400024414,9150100,MRK
2017-08-18,61.77000045776367,61.81999969482422,61.15999984741211,61.4900016784668,57.175750732421875,8421700,MRK
2017-08-21,61.47999954223633,62.040000915527344,61.43000030517578,61.970001220703125,57.6220703125,7197200,MRK
2017-08-22,61.970001220703125,62.5,61.91999816894531,62.41999816894531,58.04049301147461,5515200,MRK
2017-08-23,62.25,62.599998474121094,62.150001525878906,62.150001525878906,57.7894401550293,6434900,MRK
2017-08-24,62.25,62.90999984741211,62.189998626708984,62.709999084472656,58.310150146484375,7750100,MRK
2017-08-25,62.869998931884766,63.290000915527344,62.77000045776367,62.939998626708984,58.52401351928711,5274900,MRK
2017-08-28,63.11000061035156,63.459999084472656,62.97999954223633,63.31999969482422,58.877349853515625,7498200,MRK
2017-08-29,63.130001068115234,63.209999084472656,62.720001220703125,63.119998931884766,58.69137954711914,6564700,MRK
2017-08-30,63.13999938964844,63.16999816894531,62.900001525878906,63.119998931884766,58.69137954711914,5022500,MRK
2017-08-31,63.349998474121094,63.91999816894531,62.95000076293945,63.86000061035156,59.379459381103516,12903000,MRK
2017-09-01,63.790000915527344,64.0999984741211,63.599998474121094,63.83000183105469,59.351566314697266,6185100,MRK
2017-09-05,63.75,64.11000061035156,63.459999084472656,63.619998931884766,59.156307220458984,7236200,MRK
2017-09-06,63.88999938964844,64.33000183105469,63.77000045776367,64.0,59.5096435546875,7148700,MRK
2017-09-07,64.08999633789062,64.41999816894531,63.790000915527344,64.31999969482422,59.807193756103516,6856400,MRK
2017-09-08,63.9900016784668,64.52999877929688,63.939998626708984,64.2699966430664,59.76069259643555,7365800,MRK
2017-09-11,64.94000244140625,65.30999755859375,64.68000030517578,65.12999725341797,60.56035614013672,10291600,MRK
2017-09-12,65.12000274658203,65.62000274658203,65.12000274658203,65.45999908447266,60.86720275878906,7354200,MRK
2017-09-13,65.36000061035156,65.55000305175781,65.30000305175781,65.44999694824219,60.85791015625,5628700,MRK
2017-09-14,64.98999786376953,66.16999816894531,64.91000366210938,66.12000274658203,61.925594329833984,9959100,MRK
2017-09-15,66.16999816894531,66.37999725341797,65.75,66.16000366210938,61.96306610107422,14685800,MRK
2017-09-18,66.0199966430664,66.41000366210938,65.80999755859375,65.98999786376953,61.80384063720703,10543200,MRK
2017-09-19,66.0199966430664,66.16000366210938,65.68000030517578,65.94999694824219,61.76637649536133,7009300,MRK
2017-09-20,66.06999969482422,66.30999755859375,65.19000244140625,65.79000091552734,61.61651611328125,9450000,MRK
2017-09-21,65.8499984741211,65.93000030517578,65.5199966430664,65.5999984741211,61.43858337402344,5968700,MRK
2017-09-22,65.62999725341797,65.69999694824219,65.06999969482422,65.12999725341797,60.99838638305664,7465900,MRK
2017-09-25,65.16000366210938,65.4000015258789,65.04000091552734,65.18000030517578,61.045223236083984,5573400,MRK
2017-09-26,65.0999984741211,65.31999969482422,64.72000122070312,64.76000213623047,60.65187072753906,6976200,MRK
2017-09-27,64.68000030517578,64.75,64.31999969482422,64.56999969482422,60.473915100097656,6691900,MRK
2017-09-28,64.2699966430664,64.66000366210938,64.16999816894531,64.29000091552734,60.2116813659668,7022800,MRK
2017-09-29,64.29000091552734,64.52999877929688,63.33000183105469,64.02999877929688,59.968170166015625,11449600,MRK
2017-10-02,64.20999908447266,64.68000030517578,63.88999938964844,64.55000305175781,60.4551887512207,6743400,MRK
2017-10-03,64.55000305175781,64.58000183105469,63.779998779296875,64.37000274658203,60.28660583496094,6507100,MRK
2017-10-04,64.41999816894531,64.62000274658203,64.33000183105469,64.5999984741211,60.50200653076172,6414700,MRK
2017-10-05,64.41999816894531,64.80000305175781,64.33000183105469,64.5999984741211,60.50200653076172,9150000,MRK
2017-10-06,64.69999694824219,64.9000015258789,64.37000274658203,64.55000305175781,60.4551887512207,7488400,MRK
2017-10-09,64.66999816894531,64.73999786376953,64.12000274658203,64.33000183105469,60.249141693115234,5451300,MRK
2017-10-10,64.30999755859375,64.47000122070312,64.19000244140625,64.45999908447266,60.37089538574219,4921000,MRK
2017-10-11,64.33999633789062,64.33999633789062,63.779998779296875,63.779998779296875,59.73402786254883,10101600,MRK
2017-10-12,63.790000915527344,63.97999954223633,63.560001373291016,63.83000183105469,59.780853271484375,6158500,MRK
2017-10-13,63.95000076293945,64.16000366210938,63.380001068115234,63.38999938964844,59.3687744140625,7341400,MRK
2017-10-16,63.4900016784668,63.72999954223633,63.2599983215332,63.34000015258789,59.32194137573242,7449200,MRK
2017-10-17,63.209999084472656,63.310001373291016,62.880001068115234,63.220001220703125,59.20956039428711,7028500,MRK
2017-10-18,64.08999633789062,64.11000061035156,63.40999984741211,63.5099983215332,59.48115921020508,7886900,MRK
2017-10-19,63.63999938964844,64.02999877929688,63.59000015258789,63.75,59.7059326171875,10071200,MRK
2017-10-20,63.849998474121094,63.9900016784668,63.56999969482422,63.880001068115234,59.82768630981445,10304200,MRK
2017-10-23,64.02999877929688,64.5199966430664,63.29999923706055,63.400001525878906,59.378135681152344,11582000,MRK
2017-10-24,63.310001373291016,63.310001373291016,62.369998931884766,63.11000061035156,59.10653305053711,10221100,MRK
2017-10-25,63.099998474121094,63.130001068115234,62.33000183105469,62.45000076293945,58.488399505615234,11016700,MRK
2017-10-26,62.290000915527344,62.689998626708984,61.810001373291016,61.9900016784668,58.057579040527344,10744300,MRK
2017-10-27,60.54999923706055,60.54999923706055,57.81999969482422,58.2400016784668,54.545467376708984,29561300,MRK
2017-10-30,55.75,56.04999923706055,54.40999984741211,54.709999084472656,51.239402770996094,38989400,MRK
2017-10-31,55.16999816894531,55.790000915527344,55.029998779296875,55.09000015258789,51.59529113769531,18429200,MRK
2017-11-01,55.540000915527344,55.79999923706055,55.279998779296875,55.34000015258789,51.82943344116211,16418400,MRK
2017-11-02,55.47999954223633,55.56999969482422,55.040000915527344,55.369998931884766,51.85752487182617,12318500,MRK
2017-11-03,55.29999923706055,56.279998779296875,55.189998626708984,56.060001373291016,52.503761291503906,9810800,MRK
2017-11-06,56.040000915527344,56.18000030517578,55.599998474121094,55.880001068115234,52.335174560546875,8718500,MRK
2017-11-07,55.880001068115234,56.189998626708984,55.380001068115234,55.59000015258789,52.06357192993164,14321100,MRK
2017-11-08,55.5,56.720001220703125,55.459999084472656,56.58000183105469,52.99077224731445,15132900,MRK
2017-11-09,56.54999923706055,56.65999984741211,55.619998931884766,56.209999084472656,52.64423751831055,14140100,MRK
2017-11-10,56.290000915527344,56.290000915527344,55.150001525878906,55.47999954223633,51.96055603027344,16743900,MRK
2017-11-13,55.310001373291016,55.52000045776367,55.060001373291016,55.099998474121094,51.60465621948242,13488300,MRK
2017-11-14,54.970001220703125,55.18000030517578,54.75,54.9900016784668,51.50164031982422,12705800,MRK
2017-11-15,54.7599983215332,55.099998474121094,54.400001525878906,54.79999923706055,51.323692321777344,11727400,MRK
2017-11-16,54.86000061035156,55.369998931884766,54.75,55.16999816894531,51.67021942138672,11996300,MRK
2017-11-17,55.0,55.43000030517578,54.75,55.20000076293945,51.69831466674805,9884100,MRK
2017-11-20,54.040000915527344,54.38999938964844,53.630001068115234,54.099998474121094,50.6680908203125,17178700,MRK
2017-11-21,54.36000061035156,54.849998474121094,54.18000030517578,54.27000045776367,50.827308654785156,13711300,MRK
2017-11-22,54.22999954223633,54.56999969482422,54.16999816894531,54.369998931884766,50.920963287353516,7376200,MRK
2017-11-24,54.5,54.630001068115234,54.11000061035156,54.349998474121094,50.9022331237793,4341300,MRK
2017-11-27,54.40999984741211,54.599998474121094,54.20000076293945,54.54999923706055,51.08954620361328,10100100,MRK
2017-11-28,54.93000030517578,55.130001068115234,54.40999984741211,54.93000030517578,51.445438385009766,12830900,MRK
2017-11-29,55.040000915527344,55.650001525878906,54.93000030517578,55.36000061035156,51.84816360473633,10477600,MRK
2017-11-30,55.189998626708984,55.88999938964844,55.029998779296875,55.27000045776367,51.763877868652344,15400400,MRK
2017-12-01,55.400001525878906,55.97999954223633,55.220001220703125,55.869998931884766,52.32581329345703,12092400,MRK
2017-12-04,55.93000030517578,56.709999084472656,55.869998931884766,56.220001220703125,52.65360641479492,13440000,MRK
2017-12-05,56.150001525878906,56.5099983215332,55.720001220703125,55.77000045776367,52.23215103149414,11837200,MRK
2017-12-06,54.439998626708984,55.93000030517578,54.189998626708984,54.349998474121094,50.9022331237793,20245900,MRK
2017-12-07,54.849998474121094,55.84000015258789,54.68000030517578,54.77000045776367,51.29559326171875,16460500,MRK
2017-12-08,55.310001373291016,55.56999969482422,54.65999984741211,55.56999969482422,52.04484176635742,10423400,MRK
2017-12-11,56.34000015258789,56.63999938964844,55.560001373291016,56.34000015258789,52.76599884033203,9770200,MRK
2017-12-12,56.869998931884766,57.16999816894531,56.630001068115234,57.06999969482422,53.4496955871582,13792700,MRK
2017-12-13,56.939998626708984,57.369998931884766,56.650001525878906,56.90999984741211,53.29983901977539,13342500,MRK
2017-12-14,56.400001525878906,56.7400016784668,55.959999084472656,56.0099983215332,52.903133392333984,10137300,MRK
2017-12-15,56.22999954223633,56.369998931884766,55.75,56.2400016784668,53.120384216308594,22580700,MRK
2017-12-18,56.380001068115234,56.689998626708984,56.20000076293945,56.220001220703125,53.10148620605469,11595000,MRK
2017-12-19,56.220001220703125,56.619998931884766,56.0099983215332,56.22999954223633,53.11093521118164,9467100,MRK
2017-12-20,56.279998779296875,56.4900016784668,55.97999954223633,56.11000061035156,52.997589111328125,13135900,MRK
2017-12-21,56.08000183105469,56.79999923706055,56.08000183105469,56.599998474121094,53.460411071777344,9961800,MRK
2017-12-22,56.599998474121094,56.83000183105469,56.130001068115234,56.36000061035156,53.23371887207031,11346000,MRK
2017-12-26,56.4900016784668,56.599998474121094,56.27000045776367,56.34000015258789,53.21482849121094,4405300,MRK
2017-12-27,56.38999938964844,56.630001068115234,56.2599983215332,56.34000015258789,53.21482849121094,5660300,MRK
2017-12-28,56.34000015258789,56.79999923706055,56.29999923706055,56.599998474121094,53.460411071777344,5783500,MRK
2017-12-29,56.83000183105469,56.9900016784668,56.27000045776367,56.27000045776367,53.148712158203125,8436600,MRK
2018-01-02,56.59000015258789,56.75,56.04999923706055,56.220001220703125,53.10148620605469,10073000,MRK
2018-01-03,56.22999954223633,56.2599983215332,55.959999084472656,56.13999938964844,53.02592468261719,10582500,MRK
2018-01-04,56.439998626708984,57.41999816894531,56.380001068115234,57.04999923706055,53.88544464111328,15030200,MRK
2018-01-05,57.38999938964844,57.38999938964844,56.59000015258789,56.9900016784668,53.82877731323242,9499100,MRK
2018-01-08,57.209999084472656,57.25,56.5,56.65999984741211,53.51708221435547,11109300,MRK
2018-01-09,56.810001373291016,57.099998474121094,56.56999969482422,56.79999923706055,53.649314880371094,10631700,MRK
2018-01-10,56.54999923706055,57.369998931884766,56.459999084472656,57.29999923706055,54.12157440185547,9062400,MRK
2018-01-11,57.29999923706055,57.61000061035156,57.15999984741211,57.599998474121094,54.404937744140625,7106300,MRK
2018-01-12,57.95000076293945,58.810001373291016,57.88999938964844,58.65999984741211,55.40613555908203,12343100,MRK
2018-01-16,61.75,63.779998779296875,61.25,62.06999969482422,58.62698745727539,48091300,MRK
2018-01-17,62.290000915527344,62.59000015258789,61.88999938964844,62.029998779296875,58.58920669555664,21889900,MRK
2018-01-18,62.0,62.119998931884766,60.630001068115234,61.130001068115234,57.73912811279297,19905800,MRK
2018-01-19,61.47999954223633,61.47999954223633,60.63999938964844,61.279998779296875,57.88080596923828,12161900,MRK
2018-01-22,60.95000076293945,61.439998626708984,60.720001220703125,61.25,57.852474212646484,12247500,MRK
2018-01-23,61.029998779296875,62.130001068115234,60.869998931884766,61.70000076293945,58.27751159667969,11181500,MRK
2018-01-24,62.0099983215332,62.11000061035156,60.959999084472656,61.18000030517578,57.786354064941406,13482100,MRK
2018-01-25,61.29999923706055,61.380001068115234,60.95000076293945,61.29999923706055,57.899696350097656,9402300,MRK
2018-01-26,61.4900016784668,62.08000183105469,61.34000015258789,62.040000915527344,58.59865188598633,10553700,MRK
2018-01-29,61.95000076293945,62.13999938964844,61.560001373291016,61.630001068115234,58.21139907836914,8776900,MRK
2018-01-30,60.790000915527344,61.25,60.439998626708984,60.650001525878906,57.2857551574707,13040700,MRK
2018-01-31,60.77000045776367,60.79999923706055,58.900001525878906,59.25,55.96341323852539,14869000,MRK
2018-02-01,59.16999816894531,60.34000015258789,59.06999969482422,59.86000061035156,56.539581298828125,13368000,MRK
2018-02-02,59.40999984741211,59.970001220703125,58.279998779296875,58.560001373291016,55.31169128417969,12264100,MRK
2018-02-05,58.27000045776367,58.95000076293945,55.81999969482422,56.400001525878906,53.271507263183594,19605700,MRK
2018-02-06,55.13999938964844,56.77000045776367,54.33000183105469,55.459999084472656,52.383636474609375,31006200,MRK
2018-02-07,55.16999816894531,56.709999084472656,55.09000015258789,55.880001068115234,52.78034210205078,13692500,MRK
2018-02-08,56.040000915527344,56.459999084472656,54.709999084472656,54.72999954223633,51.69413375854492,20870000,MRK
2018-02-09,55.150001525878906,55.40999984741211,53.36000061035156,54.869998931884766,51.82637023925781,18580500,MRK
2018-02-12,55.349998474121094,55.88999938964844,54.959999084472656,55.43000030517578,52.35531234741211,12652200,MRK
2018-02-13,55.22999954223633,55.369998931884766,54.77000045776367,54.900001525878906,51.854705810546875,17039400,MRK
2018-02-14,54.310001373291016,55.099998474121094,54.220001220703125,54.900001525878906,51.854705810546875,11446700,MRK
2018-02-15,55.43000030517578,55.9900016784668,54.83000183105469,55.9900016784668,52.88425064086914,10099900,MRK
2018-02-16,55.970001220703125,56.9900016784668,55.91999816894531,56.290000915527344,53.167606353759766,11731300,MRK
2018-02-20,56.119998931884766,56.13999938964844,54.95000076293945,54.97999954223633,51.93027114868164,13467000,MRK
2018-02-21,55.029998779296875,55.439998626708984,54.54999923706055,54.54999923706055,51.52412033081055,10729900,MRK
2018-02-22,54.599998474121094,55.06999969482422,54.41999816894531,54.56999969482422,51.54301071166992,10815800,MRK
2018-02-23,54.81999969482422,55.0,54.56999969482422,54.869998931884766,51.82637023925781,9064100,MRK
2018-02-26,55.0,56.189998626708984,55.0,56.060001373291016,52.95036315917969,12142200,MRK
2018-02-27,55.90999984741211,55.959999084472656,54.70000076293945,54.720001220703125,51.6846923828125,9288600,MRK
2018-02-28,55.060001373291016,55.16999816894531,54.209999084472656,54.220001220703125,51.21242141723633,11266800,MRK
2018-03-01,54.2599983215332,54.810001373291016,53.41999816894531,53.70000076293945,50.72127151489258,13023400,MRK
2018-03-02,53.47999954223633,54.43000030517578,53.119998931884766,54.36000061035156,51.34465789794922,8927200,MRK
2018-03-05,54.2400016784668,54.709999084472656,54.08000183105469,54.400001525878906,51.3824462890625,13114100,MRK
2018-03-06,54.4900016784668,54.709999084472656,53.81999969482422,54.29999923706055,51.287986755371094,9271900,MRK
2018-03-07,53.84000015258789,54.58000183105469,53.75,54.470001220703125,51.44856262207031,12230500,MRK
2018-03-08,54.52000045776367,54.81999969482422,54.36000061035156,54.7599983215332,51.72247314453125,7352100,MRK
2018-03-09,55.029998779296875,55.189998626708984,54.70000076293945,55.13999938964844,52.081398010253906,8816800,MRK
2018-03-12,55.72999954223633,56.130001068115234,55.2400016784668,55.36000061035156,52.28919219970703,10752900,MRK
2018-03-13,55.7400016784668,55.75,55.0,55.369998931884766,52.29863357543945,11710000,MRK
2018-03-14,55.27000045776367,55.43000030517578,54.310001373291016,54.79999923706055,52.21288299560547,11156700,MRK
2018-03-15,54.95000076293945,55.72999954223633,54.88999938964844,55.25,52.64164352416992,10076600,MRK
2018-03-16,55.189998626708984,55.849998474121094,55.08000183105469,55.66999816894531,53.041812896728516,21002500,MRK
2018-03-19,55.65999984741211,55.68000030517578,54.2400016784668,54.630001068115234,52.05091094970703,11824200,MRK
2018-03-20,54.75,54.939998626708984,54.36000061035156,54.63999938964844,52.06043243408203,7780000,MRK
2018-03-21,54.7599983215332,55.279998779296875,54.41999816894531,54.689998626708984,52.10808181762695,10009300,MRK
2018-03-22,54.2400016784668,54.97999954223633,54.029998779296875,54.119998931884766,51.56499099731445,12774800,MRK
2018-03-23,54.31999969482422,54.709999084472656,53.34000015258789,53.40999984741211,50.88850402832031,11840300,MRK
2018-03-26,54.04999923706055,54.15999984741211,52.970001220703125,54.040000915527344,51.488765716552734,9970200,MRK
2018-03-27,53.9900016784668,54.560001373291016,53.470001220703125,53.75,51.21245193481445,16179900,MRK
2018-03-28,54.04999923706055,55.34000015258789,54.02000045776367,55.09000015258789,52.48919677734375,12693500,MRK
2018-03-29,55.36000061035156,55.40999984741211,54.470001220703125,54.470001220703125,51.89846420288086,9750500,MRK
2018-04-02,54.400001525878906,54.650001525878906,52.959999084472656,53.27000045776367,50.7551155090332,13398000,MRK
2018-04-03,53.34000015258789,54.150001525878906,52.83000183105469,54.09000015258789,51.536407470703125,9244600,MRK
2018-04-04,53.470001220703125,54.689998626708984,53.400001525878906,54.540000915527344,51.96516036987305,8902700,MRK
2018-04-05,55.060001373291016,55.380001068115234,54.439998626708984,54.529998779296875,51.955631256103516,12475800,MRK
2018-04-06,54.279998779296875,54.58000183105469,52.900001525878906,53.36000061035156,50.84086990356445,12500800,MRK
2018-04-09,55.0,57.41999816894531,54.560001373291016,56.15999984741211,53.5086784362793,23237000,MRK
2018-04-10,56.68000030517578,56.790000915527344,56.040000915527344,56.4900016784668,53.82310104370117,12864400,MRK
2018-04-11,56.060001373291016,56.540000915527344,55.88999938964844,56.20000076293945,53.54679489135742,9013200,MRK
2018-04-12,56.599998474121094,57.189998626708984,56.13999938964844,56.7400016784668,54.06129837036133,11938900,MRK
2018-04-13,57.08000183105469,57.33000183105469,56.63999938964844,57.16999816894531,54.47099685668945,10053700,MRK
2018-04-16,57.77000045776367,59.25,57.16999816894531,58.650001525878906,55.881126403808594,22545800,MRK
2018-04-17,59.84000015258789,59.959999084472656,58.959999084472656,59.27000045776367,56.471858978271484,15334400,MRK
2018-04-18,59.40999984741211,59.619998931884766,58.59000015258789,58.91999816894531,56.13837432861328,11240200,MRK
2018-04-19,58.91999816894531,59.31999969482422,58.41999816894531,58.63999938964844,55.8715934753418,10535500,MRK
2018-04-20,58.86000061035156,59.27000045776367,58.65999984741211,58.83000183105469,56.0526237487793,9646900,MRK
2018-04-23,60.04999923706055,60.619998931884766,59.43000030517578,60.25,57.40559005737305,19816400,MRK
2018-04-24,60.40999984741211,61.0,59.77000045776367,60.09000015258789,57.25313949584961,13334900,MRK
2018-04-25,59.900001525878906,59.91999816894531,58.93000030517578,59.630001068115234,56.81486129760742,13413200,MRK
2018-04-26,59.81999969482422,60.09000015258789,59.11000061035156,59.40999984741211,56.60524368286133,13500100,MRK
2018-04-27,59.34000015258789,59.650001525878906,59.310001373291016,59.470001220703125,56.66241455078125,7666100,MRK
2018-04-30,59.650001525878906,59.97999954223633,58.869998931884766,58.869998931884766,56.090736389160156,13101400,MRK
2018-05-01,59.0,59.2400016784668,56.880001068115234,57.97999954223633,55.24275207519531,13126700,MRK
2018-05-02,57.68000030517578,58.0,57.02000045776367,57.29999923706055,54.5948600769043,10421600,MRK
2018-05-03,57.13999938964844,57.79999923706055,56.369998931884766,57.529998779296875,54.81399917602539,11321500,MRK
2018-05-04,57.119998931884766,57.90999984741211,56.83000183105469,57.75,55.023616790771484,8730900,MRK
2018-05-07,57.77000045776367,58.099998474121094,57.08000183105469,57.380001068115234,54.67108917236328,10032400,MRK
2018-05-08,57.369998931884766,57.41999816894531,56.2599983215332,56.7599983215332,54.080352783203125,10257200,MRK
2018-05-09,56.970001220703125,58.40999984741211,56.83000183105469,57.95000076293945,55.21417236328125,8286300,MRK
2018-05-10,58.130001068115234,58.72999954223633,57.93000030517578,58.060001373291016,55.31898880004883,8229100,MRK
2018-05-11,58.15999984741211,59.970001220703125,58.130001068115234,59.689998626708984,56.87202835083008,12733300,MRK
2018-05-14,59.77000045776367,60.08000183105469,59.43000030517578,59.68000030517578,56.86250686645508,9486700,MRK
2018-05-15,59.439998626708984,59.79999923706055,58.900001525878906,59.20000076293945,56.405155181884766,6821500,MRK
2018-05-16,59.31999969482422,60.0099983215332,59.11000061035156,59.75,56.9291877746582,8531700,MRK
2018-05-17,59.540000915527344,59.779998779296875,58.880001068115234,59.06999969482422,56.28129577636719,7845800,MRK
2018-05-18,58.959999084472656,59.459999084472656,57.4900016784668,59.13999938964844,56.347991943359375,9686300,MRK
2018-05-21,59.18000030517578,59.31999969482422,58.38999938964844,58.56999969482422,55.80490493774414,8475400,MRK
2018-05-22,58.779998779296875,59.13999938964844,58.400001525878906,58.45000076293945,55.69056701660156,8928500,MRK
2018-05-23,58.45000076293945,59.4900016784668,58.43000030517578,59.16999816894531,56.3765754699707,9900400,MRK
2018-05-24,59.25,59.40999984741211,58.810001373291016,59.130001068115234,56.338462829589844,6928800,MRK
2018-05-25,59.13999938964844,59.459999084472656,58.84000015258789,59.09000015258789,56.300350189208984,6665400,MRK
2018-05-29,58.58000183105469,58.88999938964844,58.029998779296875,58.400001525878906,55.64292907714844,8805600,MRK
2018-05-30,58.650001525878906,59.79999923706055,58.52000045776367,59.720001220703125,56.90060806274414,11042000,MRK
2018-05-31,59.630001068115234,59.880001068115234,59.310001373291016,59.529998779296875,56.71957778930664,12200400,MRK
2018-06-01,59.88999938964844,60.810001373291016,59.619998931884766,60.560001373291016,57.70095443725586,11027600,MRK
2018-06-04,61.54999923706055,62.529998779296875,61.18000030517578,62.02000045776367,59.0920295715332,19475700,MRK
2018-06-05,62.0,62.33000183105469,61.060001373291016,61.38999938964844,58.49177169799805,12498300,MRK
2018-06-06,61.5099983215332,61.939998626708984,61.220001220703125,61.93000030517578,59.00627899169922,7549800,MRK
2018-06-07,62.0,62.040000915527344,61.5099983215332,61.9900016784668,59.063446044921875,7548600,MRK
2018-06-08,62.0099983215332,62.650001525878906,61.970001220703125,62.58000183105469,59.62559509277344,9678200,MRK
2018-06-11,62.77000045776367,62.86000061035156,62.08000183105469,62.33000183105469,59.387393951416016,7197200,MRK
2018-06-12,62.369998931884766,62.61000061035156,62.0099983215332,62.439998626708984,59.4921989440918,7927700,MRK
2018-06-13,62.56999969482422,62.959999084472656,62.349998474121094,62.59000015258789,59.6351203918457,9421500,MRK
2018-06-14,62.06999969482422,62.380001068115234,61.220001220703125,61.560001373291016,59.10702896118164,11954400,MRK
2018-06-15,61.59000015258789,62.099998474121094,61.220001220703125,62.029998779296875,59.55830383300781,16456600,MRK
2018-06-18,61.349998474121094,61.36000061035156,60.59000015258789,60.9900016784668,58.55974578857422,9532700,MRK
2018-06-19,60.650001525878906,61.310001373291016,60.630001068115234,61.029998779296875,58.59815216064453,10020600,MRK
2018-06-20,61.060001373291016,61.47999954223633,60.790000915527344,61.279998779296875,58.83818817138672,12172800,MRK
2018-06-21,61.27000045776367,61.27000045776367,60.810001373291016,61.18000030517578,58.74217224121094,8908900,MRK
2018-06-22,61.279998779296875,61.91999816894531,61.220001220703125,61.470001220703125,59.02062225341797,12295800,MRK
2018-06-25,61.40999984741211,61.619998931884766,60.63999938964844,61.08000183105469,58.64616394042969,10550800,MRK
2018-06-26,60.83000183105469,61.02000045776367,60.61000061035156,60.720001220703125,58.300506591796875,11996100,MRK
2018-06-27,60.70000076293945,61.08000183105469,59.79999923706055,59.880001068115234,57.49397277832031,10447300,MRK
2018-06-28,60.11000061035156,60.75,59.9900016784668,60.29999923706055,57.897239685058594,10201900,MRK
2018-06-29,60.529998779296875,61.470001220703125,60.349998474121094,60.70000076293945,58.281307220458984,14271900,MRK
2018-07-02,60.54999923706055,60.560001373291016,59.91999816894531,60.459999084472656,58.05086135864258,9109100,MRK
2018-07-03,60.7400016784668,61.29999923706055,60.54999923706055,60.709999084472656,58.2909049987793,4872700,MRK
2018-07-05,61.400001525878906,61.959999084472656,61.09000015258789,61.63999938964844,59.18384552001953,9081200,MRK
2018-07-06,61.79999923706055,62.5099983215332,61.790000915527344,62.20000076293945,59.721534729003906,8151900,MRK
2018-07-09,62.459999084472656,62.689998626708984,62.0,62.02000045776367,59.5487060546875,8325000,MRK
2018-07-10,62.38999938964844,62.630001068115234,62.11000061035156,62.29999923706055,59.81754684448242,10750500,MRK
2018-07-11,62.13999938964844,62.20000076293945,61.59000015258789,61.900001525878906,59.43349075317383,5778000,MRK
2018-07-12,62.439998626708984,62.84000015258789,62.13999938964844,62.65999984741211,60.163204193115234,8038600,MRK
2018-07-13,62.27000045776367,63.040000915527344,62.25,62.88999938964844,60.38404083251953,7352200,MRK
2018-07-16,62.93000030517578,62.95000076293945,62.33000183105469,62.59000015258789,60.09599304199219,4513300,MRK
2018-07-17,62.529998779296875,62.810001373291016,62.459999084472656,62.529998779296875,60.03837966918945,5049700,MRK
2018-07-18,62.599998474121094,62.97999954223633,62.369998931884766,62.939998626708984,60.43204116821289,6341200,MRK
2018-07-19,62.7400016784668,62.939998626708984,62.25,62.5099983215332,60.01918029785156,7282100,MRK
2018-07-20,62.060001373291016,62.540000915527344,62.0099983215332,62.52000045776367,60.028778076171875,6874700,MRK
2018-07-23,62.56999969482422,62.779998779296875,62.5099983215332,62.689998626708984,60.19200897216797,6933600,MRK
2018-07-24,62.900001525878906,63.439998626708984,62.81999969482422,63.41999816894531,60.89291763305664,9476200,MRK
2018-07-25,63.43000030517578,64.56999969482422,63.36000061035156,64.48999786376953,61.920284271240234,10518700,MRK
2018-07-26,64.61000061035156,65.19999694824219,63.9900016784668,64.01000213623047,61.459415435791016,11142400,MRK
2018-07-27,62.45000076293945,64.0199966430664,62.380001068115234,63.4900016784668,60.96012878417969,8411600,MRK
2018-07-30,63.790000915527344,64.9000015258789,63.529998779296875,64.80999755859375,62.22753143310547,9665200,MRK
2018-07-31,64.9000015258789,66.12000274658203,64.87999725341797,65.87000274658203,63.245296478271484,15443400,MRK
2018-08-01,65.70999908447266,66.13999938964844,65.44999694824219,65.48999786376953,62.88044357299805,7585500,MRK
2018-08-02,65.30000305175781,65.43000030517578,64.87000274658203,65.22000122070312,62.62119674682617,6895400,MRK
2018-08-03,65.19999694824219,66.0199966430664,64.97000122070312,65.93000030517578,63.30290603637695,6997200,MRK
2018-08-06,66.08999633789062,66.4800033569336,65.69000244140625,66.22000122070312,63.58135223388672,8206300,MRK
2018-08-07,66.08999633789062,66.98999786376953,66.02999877929688,66.58000183105469,63.927001953125,8083300,MRK
2018-08-08,66.51000213623047,66.98999786376953,66.1500015258789,66.69000244140625,64.03262329101562,6509300,MRK
2018-08-09,66.87000274658203,66.87000274658203,65.80000305175781,66.0,63.370113372802734,7151800,MRK
2018-08-10,65.9000015258789,66.5,65.68000030517578,66.06999969482422,63.43732452392578,7439700,MRK
2018-08-13,66.12999725341797,66.88999938964844,66.06999969482422,66.72000122070312,64.06143951416016,9516800,MRK
2018-08-14,66.61000061035156,66.94999694824219,66.26000213623047,66.45999908447266,63.811790466308594,6596000,MRK
2018-08-15,66.7300033569336,67.56999969482422,66.47000122070312,67.37000274658203,64.6855239868164,10891100,MRK
2018-08-16,67.5999984741211,69.0,67.37000274658203,68.8499984741211,66.1065444946289,18490800,MRK
2018-08-17,68.77999877929688,69.23999786376953,68.69999694824219,69.05999755859375,66.30817413330078,7847100,MRK
2018-08-20,69.0,70.22000122070312,68.93000030517578,70.16999816894531,67.37395477294922,10419300,MRK
2018-08-21,70.20999908447266,70.25,69.08999633789062,69.16999816894531,66.4137954711914,9814600,MRK
2018-08-22,69.18000030517578,69.4000015258789,68.8499984741211,69.04000091552734,66.28898620605469,5893300,MRK
2018-08-23,68.87000274658203,69.19000244140625,68.73999786376953,68.97000122070312,66.22177124023438,5540700,MRK
2018-08-24,69.0,69.25,68.7699966430664,69.04000091552734,66.28898620605469,4956200,MRK
2018-08-27,69.33999633789062,69.43000030517578,68.52999877929688,68.98999786376953,66.24098205566406,5083800,MRK
2018-08-28,68.8499984741211,68.87000274658203,68.37999725341797,68.62999725341797,65.89530944824219,5934400,MRK
2018-08-29,68.37999725341797,68.9000015258789,68.2699966430664,68.80999755859375,66.06814575195312,5489700,MRK
2018-08-30,68.66000366210938,68.94000244140625,68.3499984741211,68.54000091552734,65.80889892578125,4744600,MRK
2018-08-31,68.3499984741211,68.75,68.16000366210938,68.58999633789062,65.8569107055664,5743300,MRK
2018-09-04,68.37000274658203,68.41000366210938,67.93000030517578,67.94999694824219,65.2424087524414,5768300,MRK
2018-09-05,67.94999694824219,68.69000244140625,67.91000366210938,68.62000274658203,65.8857192993164,6359100,MRK
2018-09-06,68.97000122070312,69.54000091552734,68.81999969482422,69.37999725341797,66.61543273925781,9637400,MRK
2018-09-07,69.16000366210938,69.77999877929688,68.8499984741211,69.66999816894531,66.89387512207031,9515200,MRK
2018-09-10,70.0,70.58999633789062,69.52999877929688,69.55999755859375,66.78824615478516,7267900,MRK
2018-09-11,69.80000305175781,69.80000305175781,69.06999969482422,69.08000183105469,66.327392578125,5815500,MRK
2018-09-12,69.4000015258789,70.0199966430664,69.12000274658203,69.86000061035156,67.07630157470703,6090000,MRK
2018-09-13,70.16000366210938,70.94000244140625,69.58000183105469,70.83000183105469,68.00765991210938,10258200,MRK
2018-09-14,70.73999786376953,70.73999786376953,69.66000366210938,69.9800033569336,67.64997100830078,7436000,MRK
2018-09-17,69.8499984741211,70.45999908447266,69.6500015258789,70.41999816894531,68.07532501220703,6697300,MRK
2018-09-18,70.41000366210938,70.9000015258789,69.9000015258789,70.41999816894531,68.07532501220703,6800400,MRK
2018-09-19,70.1500015258789,70.56999969482422,69.63999938964844,69.9800033569336,67.64997100830078,7944200,MRK
2018-09-20,70.3499984741211,70.83000183105469,70.05000305175781,70.77999877929688,68.42333984375,6140700,MRK
2018-09-21,70.91000366210938,71.58000183105469,70.91000366210938,71.0999984741211,68.73268127441406,17033100,MRK
2018-09-24,70.91999816894531,71.30000305175781,70.62999725341797,70.77999877929688,68.42333984375,6438800,MRK
2018-09-25,70.8499984741211,71.37999725341797,70.5199966430664,70.6500015258789,68.29766082763672,6460400,MRK
2018-09-26,70.93000030517578,71.1500015258789,70.18000030517578,70.33000183105469,67.98831939697266,6928400,MRK
2018-09-27,70.33000183105469,71.18000030517578,70.08000183105469,70.72000122070312,68.3653335571289,6026200,MRK
2018-09-28,70.72000122070312,71.19999694824219,70.6500015258789,70.94000244140625,68.57801818847656,6808800,MRK
2018-10-01,71.06999969482422,71.88999938964844,70.61000061035156,71.52999877929688,69.14835357666016,7628500,MRK
2018-10-02,71.97000122070312,72.16999816894531,71.08999633789062,71.75,69.36104583740234,10395600,MRK
2018-10-03,72.08999633789062,72.41999816894531,71.3499984741211,71.37000274658203,68.99370574951172,9577600,MRK
2018-10-04,71.12000274658203,71.36000061035156,70.45999908447266,71.22000122070312,68.84870147705078,10340700,MRK
2018-10-05,71.2300033569336,71.69000244140625,70.58000183105469,71.02999877929688,68.66502380371094,7433500,MRK
2018-10-08,70.93000030517578,71.69999694824219,70.88999938964844,71.45999908447266,69.08069610595703,8854800,MRK
2018-10-09,71.45999908447266,72.66000366210938,70.97000122070312,72.33999633789062,69.93138885498047,7871300,MRK
2018-10-10,72.4800033569336,72.88999938964844,70.38999938964844,70.44999694824219,68.10431671142578,12651900,MRK
2018-10-11,70.37000274658203,70.52999877929688,67.81999969482422,68.37000274658203,66.09358978271484,12874000,MRK
2018-10-12,68.69999694824219,70.05999755859375,68.41999816894531,69.80999755859375,67.48563385009766,10161200,MRK
2018-10-15,69.19000244140625,70.20999908447266,68.93000030517578,69.45999908447266,67.14728546142578,6580900,MRK
2018-10-16,69.8499984741211,71.30999755859375,69.75,71.22000122070312,68.84870147705078,10229000,MRK
2018-10-17,71.08999633789062,71.94000244140625,70.80000305175781,71.81999969482422,69.42871856689453,9344500,MRK
2018-10-18,72.1500015258789,72.4000015258789,71.41999816894531,72.20999908447266,69.80572509765625,12226000,MRK
2018-10-19,72.30000305175781,72.66000366210938,71.94000244140625,72.3499984741211,69.94105529785156,14513400,MRK
2018-10-22,72.97000122070312,73.48999786376953,71.8499984741211,72.56999969482422,70.15373992919922,11914300,MRK
2018-10-23,72.16000366210938,72.41999816894531,71.22000122070312,72.0999984741211,69.69938659667969,11561900,MRK
2018-10-24,71.81999969482422,72.63999938964844,70.2300033569336,70.54000091552734,68.19132995605469,14645200,MRK
2018-10-25,66.94000244140625,70.56999969482422,66.0999984741211,69.95999908447266,67.6306381225586,20566500,MRK
2018-10-26,69.7699966430664,70.77999877929688,68.87999725341797,70.4000015258789,68.05599212646484,16950600,MRK
2018-10-29,71.37000274658203,73.02999877929688,70.55000305175781,71.44999694824219,69.07102966308594,18839600,MRK
2018-10-30,71.69000244140625,72.95999908447266,71.5,72.87000274658203,70.4437484741211,18937000,MRK
2018-10-31,73.41000366210938,74.48999786376953,72.7699966430664,73.61000061035156,71.15911865234375,15863100,MRK
2018-11-01,73.80000305175781,74.04000091552734,72.66999816894531,73.12000274658203,70.68543243408203,13843500,MRK
2018-11-02,73.56999969482422,73.69999694824219,71.62000274658203,72.2699966430664,69.86372375488281,12898700,MRK
2018-11-05,71.95999908447266,73.56999969482422,70.12000274658203,73.12000274658203,70.68543243408203,12330500,MRK
2018-11-06,72.94000244140625,73.80000305175781,72.75,73.30999755859375,70.86910247802734,10246100,MRK
2018-11-07,74.0999984741211,75.33000183105469,73.83999633789062,75.08000183105469,72.58016967773438,18670500,MRK
2018-11-08,74.88999938964844,75.69000244140625,74.62000274658203,75.4800033569336,72.96685028076172,13010200,MRK
2018-11-09,75.86000061035156,75.98999786376953,74.80000305175781,74.86000061035156,72.36749267578125,14656300,MRK
2018-11-12,75.12999725341797,75.2699966430664,74.02999877929688,74.69000244140625,72.20315551757812,14006700,MRK
2018-11-13,75.22000122070312,75.2699966430664,74.01000213623047,74.61000061035156,72.12581634521484,15827700,MRK
2018-11-14,74.94999694824219,74.95999908447266,73.68000030517578,74.08999633789062,71.62312316894531,9481100,MRK
2018-11-15,73.5,74.87000274658203,73.12999725341797,74.83999633789062,72.34815216064453,11974400,MRK
2018-11-16,74.73999786376953,76.25,74.55000305175781,76.05999755859375,73.52754211425781,13725200,MRK
2018-11-19,76.22000122070312,76.61000061035156,75.58999633789062,76.3499984741211,73.8078842163086,16422400,MRK
2018-11-20,76.01000213623047,76.36000061035156,74.6500015258789,74.77999877929688,72.29014587402344,13587800,MRK
2018-11-21,74.91999816894531,75.06999969482422,74.18000030517578,74.79000091552734,72.2998275756836,9054500,MRK
2018-11-23,74.12999725341797,75.30000305175781,74.01000213623047,74.66999816894531,72.18382263183594,3521800,MRK
2018-11-26,74.98999786376953,75.75,74.79000091552734,75.44000244140625,72.92818450927734,10884600,MRK
2018-11-27,75.06999969482422,76.5199966430664,75.06999969482422,76.33999633789062,73.7982177734375,14623600,MRK
2018-11-28,76.80000305175781,77.36000061035156,76.2699966430664,77.2300033569336,74.65858459472656,12047400,MRK
2018-11-29,77.19000244140625,78.4800033569336,77.11000061035156,77.91000366210938,75.3159408569336,10905700,MRK
2018-11-30,77.83999633789062,79.48999786376953,77.72000122070312,79.33999633789062,76.69832611083984,21355600,MRK
2018-12-03,79.5199966430664,79.58000183105469,78.27999877929688,79.22000122070312,76.58232116699219,12579300,MRK
2018-12-04,79.30000305175781,80.19000244140625,78.0999984741211,78.20999908447266,75.60595703125,14773800,MRK
2018-12-06,76.95999908447266,78.37000274658203,75.81999969482422,78.37000274658203,75.76062774658203,16535800,MRK
2018-12-07,78.22000122070312,78.30000305175781,76.0999984741211,76.72000122070312,74.16556549072266,12622900,MRK
2018-12-10,77.44999694824219,77.77999877929688,75.86000061035156,77.41999816894531,74.84225463867188,15423300,MRK
2018-12-11,77.91999816894531,78.30999755859375,76.54000091552734,77.11000061035156,74.5425796508789,13232500,MRK
2018-12-12,77.7699966430664,78.76000213623047,77.72000122070312,78.01000213623047,75.41261291503906,10705800,MRK
2018-12-13,78.25,79.08000183105469,78.0,79.01000213623047,76.37931060791016,10756200,MRK
2018-12-14,77.83000183105469,78.02999877929688,76.2300033569336,76.4800033569336,74.45183563232422,13259900,MRK
2018-12-17,75.97000122070312,76.88999938964844,74.86000061035156,75.2300033569336,73.23497772216797,15106700,MRK
2018-12-18,75.5999984741211,75.77999877929688,73.55999755859375,74.33000183105469,72.35884857177734,15423500,MRK
2018-12-19,74.68000030517578,75.25,73.06999969482422,73.7699966430664,71.81369018554688,18860300,MRK
2018-12-20,73.44999694824219,74.12999725341797,72.63999938964844,73.48999786376953,71.54112243652344,19390700,MRK
2018-12-21,72.94999694824219,74.44999694824219,72.22000122070312,72.9000015258789,70.96676635742188,36183200,MRK
2018-12-24,72.52999877929688,72.9000015258789,70.88999938964844,71.1500015258789,69.26318359375,11036100,MRK
2018-12-26,70.97000122070312,74.02999877929688,70.97000122070312,74.0,72.03759002685547,13429400,MRK
2018-12-27,73.27999877929688,75.37999725341797,72.76000213623047,75.37999725341797,73.38098907470703,12955300,MRK
2018-12-28,75.87999725341797,76.58000183105469,74.83000183105469,75.37000274658203,73.37126922607422,12577000,MRK
2018-12-31,75.81999969482422,76.69999694824219,75.66000366210938,76.41000366210938,74.38368225097656,9243800,MRK
2019-01-02,75.29000091552734,75.98999786376953,74.5999984741211,75.58999633789062,73.58541870117188,14427600,MRK
2019-01-03,75.55999755859375,75.97000122070312,73.8499984741211,74.04000091552734,72.07653045654297,13273500,MRK
2019-01-04,74.73999786376953,76.5,74.63999938964844,76.2699966430664,74.24739074707031,14077400,MRK
2019-01-07,76.1500015258789,76.47000122070312,75.41000366210938,75.43000030517578,73.42967224121094,15071700,MRK
2019-01-08,75.87000274658203,76.20999908447266,75.29000091552734,75.98999786376953,73.97481536865234,11351800,MRK
2019-01-09,75.88999938964844,76.30999755859375,75.31999969482422,75.41000366210938,73.41020965576172,11370500,MRK
2019-01-10,75.68000030517578,75.68000030517578,73.47000122070312,74.4800033569336,72.50486755371094,18257700,MRK
2019-01-11,74.69999694824219,74.94000244140625,74.1500015258789,74.9000015258789,72.91372680664062,9425600,MRK
2019-01-14,74.29000091552734,74.44000244140625,73.0999984741211,73.37000274658203,71.42430114746094,14951800,MRK
2019-01-15,73.0999984741211,74.88999938964844,73.0999984741211,74.5,72.52433776855469,12502000,MRK
2019-01-16,74.73999786376953,75.7699966430664,74.47000122070312,74.61000061035156,72.63141632080078,14573000,MRK
2019-01-17,74.30999755859375,75.7699966430664,74.30999755859375,75.5999984741211,73.59516143798828,16192100,MRK
2019-01-18,76.13999938964844,76.33000183105469,75.47000122070312,75.87000274658203,73.85800170898438,14294600,MRK
2019-01-22,75.56999969482422,76.19999694824219,75.36000061035156,75.83000183105469,73.8190689086914,10084700,MRK
2019-01-23,75.55000305175781,75.70999908447266,74.73999786376953,75.44000244140625,73.43940734863281,13711100,MRK
2019-01-24,75.16000366210938,75.16000366210938,72.37999725341797,73.16999816894531,71.22959899902344,20979600,MRK
2019-01-25,73.81999969482422,73.83999633789062,72.12000274658203,72.94999694824219,71.01544189453125,13410400,MRK
2019-01-28,72.5,73.06999969482422,72.05000305175781,72.91999816894531,70.98624420166016,12764000,MRK
2019-01-29,72.9000015258789,73.68000030517578,72.63999938964844,73.2300033569336,71.28801727294922,11418600,MRK
2019-01-30,73.45999908447266,73.80999755859375,73.0199966430664,73.37000274658203,71.42430114746094,13302700,MRK
2019-01-31,73.1500015258789,74.81999969482422,73.11000061035156,74.43000030517578,72.4561996459961,16028300,MRK
2019-02-01,75.97000122070312,77.48999786376953,75.33000183105469,76.44999694824219,74.42262268066406,15211600,MRK
2019-02-04,75.94999694824219,76.88999938964844,75.68000030517578,76.87000274658203,74.83148956298828,11282600,MRK
2019-02-05,77.37999725341797,78.37999725341797,77.05999755859375,77.1500015258789,75.10406494140625,12362300,MRK
2019-02-06,76.83999633789062,77.72000122070312,76.62999725341797,77.38999938964844,75.33769226074219,7992100,MRK
2019-02-07,76.94000244140625,77.12999725341797,76.11000061035156,76.81999969482422,74.78280639648438,9218900,MRK
2019-02-08,76.75,77.54000091552734,76.56999969482422,77.5199966430664,75.46424102783203,8842500,MRK
2019-02-11,77.80000305175781,77.83999633789062,76.20999908447266,76.70999908447266,74.67572784423828,13171700,MRK
2019-02-12,77.29000091552734,78.93000030517578,77.11000061035156,78.5199966430664,76.43772888183594,13049700,MRK
2019-02-13,78.55999755859375,79.16999816894531,78.44999694824219,79.0199966430664,76.92446899414062,10477200,MRK
2019-02-14,79.12999725341797,79.55000305175781,78.69000244140625,78.94000244140625,76.84658813476562,8184200,MRK
2019-02-15,79.66000366210938,80.12999725341797,79.2699966430664,79.80999755859375,77.69351196289062,10387500,MRK
2019-02-19,79.79000091552734,80.12999725341797,79.08000183105469,79.23999786376953,77.13863372802734,9211400,MRK
2019-02-20,79.0,79.54000091552734,78.80999755859375,79.43000030517578,77.32360076904297,8581600,MRK
2019-02-21,79.18000030517578,80.02999877929688,79.1500015258789,79.83000183105469,77.7129898071289,7386100,MRK
2019-02-22,79.7699966430664,80.86000061035156,79.7699966430664,80.7699966430664,78.6280517578125,7955600,MRK
2019-02-25,80.86000061035156,80.98999786376953,79.98999786376953,80.37999725341797,78.24839782714844,9295100,MRK
2019-02-26,80.5199966430664,81.0999984741211,80.0,80.73999786376953,78.59884643554688,8519000,MRK
2019-02-27,80.54000091552734,81.29000091552734,80.43000030517578,80.62000274658203,78.48204040527344,7493300,MRK
2019-02-28,80.52999877929688,81.76000213623047,80.52999877929688,81.29000091552734,79.13426971435547,11057600,MRK
2019-03-01,81.76000213623047,81.93000030517578,81.16999816894531,81.6500015258789,79.48472595214844,10137600,MRK
2019-03-04,82.02999877929688,82.12000274658203,80.52999877929688,81.37000274658203,79.21215057373047,8132400,MRK
2019-03-05,81.4800033569336,82.02999877929688,81.22000122070312,81.69999694824219,79.53339385986328,8299800,MRK
2019-03-06,81.5999984741211,81.76000213623047,80.30000305175781,80.76000213623047,78.61832427978516,7793100,MRK
2019-03-07,81.02999877929688,81.11000061035156,80.04000091552734,80.44999694824219,78.31654357910156,10425100,MRK
2019-03-08,80.20999908447266,80.5999984741211,79.05000305175781,79.80000305175781,77.68378448486328,11179700,MRK
2019-03-11,80.36000061035156,81.02999877929688,80.06999969482422,80.87000274658203,78.72541046142578,8708600,MRK
2019-03-12,81.16999816894531,81.55999755859375,80.77999877929688,81.2300033569336,79.07586669921875,8837100,MRK
2019-03-13,81.61000061035156,82.01000213623047,81.19000244140625,81.5999984741211,79.4360580444336,7690600,MRK
2019-03-14,81.30999755859375,81.76000213623047,80.93000030517578,81.48999786376953,79.8672866821289,8139700,MRK
2019-03-15,81.5,81.91000366210938,80.80000305175781,81.56999969482422,79.94569396972656,16546800,MRK
2019-03-18,81.2699966430664,81.83000183105469,80.91999816894531,81.3499984741211,79.7300796508789,13700300,MRK
2019-03-19,81.54000091552734,82.0,80.95999908447266,81.91000366210938,80.2789306640625,9756100,MRK
2019-03-20,81.8499984741211,82.72000122070312,81.37999725341797,82.08000183105469,80.44554138183594,11349800,MRK
2019-03-21,82.0999984741211,83.16999816894531,81.8499984741211,82.94999694824219,81.29821014404297,9039400,MRK
2019-03-22,82.91000366210938,83.44999694824219,82.0199966430664,82.29000091552734,80.6513671875,10151900,MRK
2019-03-25,82.06999969482422,82.75,81.91999816894531,82.3499984741211,80.71015930175781,7517800,MRK
2019-03-26,82.76000213623047,83.47000122070312,82.56999969482422,82.91999816894531,81.26880645751953,8819400,MRK
2019-03-27,82.91999816894531,83.05999755859375,81.80999755859375,82.29000091552734,80.6513671875,9561800,MRK
2019-03-28,82.79000091552734,82.9000015258789,82.18000030517578,82.62999725341797,80.98458862304688,6833300,MRK
2019-03-29,83.0,83.30000305175781,82.70999908447266,83.16999816894531,81.51383209228516,9683200,MRK
2019-04-01,83.7300033569336,83.8499984741211,82.94000244140625,83.30000305175781,81.64125061035156,8416300,MRK
2019-04-02,83.45999908447266,83.72000122070312,82.9000015258789,83.20999908447266,81.55303192138672,5606000,MRK
2019-04-03,83.2699966430664,83.66000366210938,82.75,83.18000030517578,81.52363586425781,6250700,MRK
2019-04-04,83.01000213623047,83.19999694824219,81.20999908447266,81.8499984741211,80.2201156616211,9787900,MRK
2019-04-05,81.97000122070312,82.16000366210938,81.11000061035156,81.1500015258789,79.5340576171875,9851300,MRK
2019-04-08,80.95999908447266,81.26000213623047,80.3499984741211,80.94999694824219,79.3380355834961,10101400,MRK
2019-04-09,80.56999969482422,80.9800033569336,80.26000213623047,80.80000305175781,79.19103240966797,10291300,MRK
2019-04-10,80.86000061035156,81.31999969482422,80.6500015258789,80.81999969482422,79.21063232421875,6578500,MRK
2019-04-11,80.93000030517578,80.93000030517578,79.38999938964844,79.83999633789062,78.2501449584961,9933700,MRK
2019-04-12,80.01000213623047,80.44000244140625,79.30000305175781,79.43000030517578,77.84831237792969,9699200,MRK
2019-04-15,79.30999755859375,79.48999786376953,78.47000122070312,78.52999877929688,76.96623229980469,13189400,MRK
2019-04-16,79.2300033569336,79.29000091552734,77.41999816894531,77.55999755859375,76.01554870605469,11957300,MRK
2019-04-17,77.61000061035156,77.62000274658203,73.75,73.91999816894531,72.44802856445312,32615900,MRK
2019-04-18,73.4800033569336,74.05000305175781,72.2300033569336,73.19000244140625,71.73257446289062,31267600,MRK
2019-04-22,73.16000366210938,73.80999755859375,72.73999786376953,73.45999908447266,71.9971923828125,13882100,MRK
2019-04-23,73.69999694824219,75.25,73.4000015258789,74.5999984741211,73.11448669433594,18398400,MRK
2019-04-24,74.7300033569336,75.11000061035156,73.9800033569336,74.7300033569336,73.24190521240234,12193800,MRK
2019-04-25,74.58000183105469,76.81999969482422,74.45999908447266,76.33999633789062,74.81983947753906,13353200,MRK
2019-04-26,76.63999938964844,76.98999786376953,76.08999633789062,76.62999725341797,75.10406494140625,8481100,MRK
2019-04-29,76.58999633789062,77.18000030517578,76.4800033569336,76.77999877929688,75.2510757446289,7056600,MRK
2019-04-30,77.55999755859375,78.9000015258789,76.0,78.70999908447266,77.14263916015625,10752900,MRK
2019-05-01,78.69000244140625,79.7300033569336,78.43000030517578,78.72000122070312,77.15245056152344,14588400,MRK
2019-05-02,78.61000061035156,79.83000183105469,78.61000061035156,79.5199966430664,77.93650817871094,11048800,MRK
2019-05-03,79.54000091552734,80.13999938964844,79.25,80.0,78.4069595336914,7578800,MRK
2019-05-06,78.52999877929688,79.79000091552734,78.30000305175781,79.4800033569336,77.89732360839844,9452800,MRK
2019-05-07,78.88999938964844,79.29000091552734,77.41999816894531,77.9000015258789,76.3487777709961,10041400,MRK
2019-05-08,78.33000183105469,78.70999908447266,77.9000015258789,78.18000030517578,76.62319946289062,10083500,MRK
2019-05-09,77.68000030517578,78.51000213623047,77.23999786376953,78.33000183105469,76.77021026611328,7734600,MRK
2019-05-10,78.08000183105469,78.33000183105469,76.80999755859375,78.19000244140625,76.63299560546875,8613700,MRK
2019-05-13,76.81999969482422,77.52999877929688,76.81999969482422,77.16999816894531,75.63330841064453,9200100,MRK
2019-05-14,77.62000274658203,78.08000183105469,77.36000061035156,77.41999816894531,75.87833404541016,7742200,MRK
2019-05-15,76.87000274658203,77.87999725341797,76.80000305175781,77.55000305175781,76.00574493408203,6950900,MRK
2019-05-16,77.7699966430664,79.88999938964844,77.7300033569336,79.12999725341797,77.55428314208984,9456900,MRK
2019-05-17,78.41000366210938,79.06999969482422,77.8499984741211,78.72000122070312,77.15245056152344,7881400,MRK
2019-05-20,78.36000061035156,79.2699966430664,78.25,78.87999725341797,77.30925750732422,7901900,MRK
2019-05-21,79.08000183105469,79.7300033569336,78.52999877929688,79.5,77.91691589355469,10375700,MRK
2019-05-22,79.3499984741211,81.1500015258789,79.30999755859375,80.9800033569336,79.3674545288086,12873900,MRK
2019-05-23,80.5999984741211,81.19000244140625,80.41000366210938,81.0199966430664,79.4066390991211,9381200,MRK
2019-05-24,81.30000305175781,81.94000244140625,81.11000061035156,81.16999816894531,79.55365753173828,5793500,MRK
2019-05-28,81.37999725341797,81.94000244140625,80.2300033569336,80.26000213623047,78.66178131103516,13148600,MRK
2019-05-29,80.12000274658203,80.37000274658203,78.75,79.36000061035156,77.77970886230469,10762300,MRK
2019-05-30,79.55999755859375,79.81999969482422,79.19000244140625,79.68000030517578,78.09333038330078,7141000,MRK
2019-05-31,79.33000183105469,79.91999816894531,78.80000305175781,79.20999908447266,77.6326904296875,6815600,MRK
2019-06-03,79.6500015258789,80.91999816894531,79.5199966430664,80.26000213623047,78.66178131103516,8795900,MRK
2019-06-04,80.75,81.33000183105469,80.11000061035156,81.08000183105469,79.46546173095703,8939700,MRK
2019-06-05,81.37999725341797,82.2699966430664,81.08000183105469,81.69000244140625,80.06330108642578,9372100,MRK
2019-06-06,82.16000366210938,82.44000244140625,81.43000030517578,81.44000244140625,79.81828308105469,10872100,MRK
2019-06-07,81.81999969482422,82.87999725341797,81.81999969482422,82.45999908447266,80.81797790527344,8394500,MRK
2019-06-10,82.68000030517578,82.68000030517578,81.6500015258789,82.4800033569336,80.83757781982422,7191100,MRK
2019-06-11,82.88999938964844,83.41000366210938,82.44999694824219,82.9800033569336,81.32762908935547,7432900,MRK
2019-06-12,83.13999938964844,84.2699966430664,83.13999938964844,83.70999908447266,82.04307556152344,10551300,MRK
2019-06-13,84.05999755859375,84.18000030517578,82.52999877929688,82.9000015258789,81.24920654296875,9727100,MRK
2019-06-14,82.70999908447266,83.37000274658203,82.45999908447266,82.77999877929688,81.6734619140625,7624000,MRK
2019-06-17,82.69999694824219,83.33000183105469,82.52999877929688,83.30000305175781,82.18651580810547,6132900,MRK
2019-06-18,83.2300033569336,84.66999816894531,83.2300033569336,84.48999786376953,83.36060333251953,10901800,MRK
2019-06-19,84.25,85.55999755859375,84.20999908447266,85.36000061035156,84.2189712524414,9375400,MRK
2019-06-20,85.9800033569336,86.5,84.31999969482422,84.5999984741211,83.46913146972656,11918400,MRK
2019-06-21,84.44000244140625,84.7699966430664,83.63999938964844,84.56999969482422,83.43952941894531,14345700,MRK
2019-06-24,84.97000122070312,86.02999877929688,84.73999786376953,85.51000213623047,84.3669662475586,7530000,MRK
2019-06-25,85.55000305175781,86.26000213623047,84.80999755859375,85.23999786376953,84.10057067871094,8920700,MRK
2019-06-26,85.18000030517578,85.19999694824219,83.08999633789062,83.54000091552734,82.42330169677734,12027100,MRK
2019-06-27,83.66999816894531,84.69000244140625,83.4000015258789,83.83000183105469,82.70942687988281,11184800,MRK
2019-06-28,83.97000122070312,84.45999908447266,82.9800033569336,83.8499984741211,82.72915649414062,44546600,MRK
2019-07-01,84.33000183105469,84.93000030517578,83.88999938964844,84.75,83.61713409423828,9812700,MRK
2019-07-02,84.45999908447266,85.51000213623047,84.0999984741211,85.51000213623047,84.3669662475586,9906100,MRK
2019-07-03,86.05999755859375,87.06999969482422,85.98999786376953,86.9000015258789,85.73839569091797,6234000,MRK
2019-07-05,86.68000030517578,86.80000305175781,85.48999786376953,85.5999984741211,84.45576477050781,8365800,MRK
2019-07-08,85.01000213623047,85.5,83.5,84.04000091552734,82.91661834716797,13066100,MRK
2019-07-09,84.23999786376953,85.20999908447266,84.08999633789062,84.86000061035156,83.72566223144531,8101900,MRK
2019-07-10,84.80000305175781,85.11000061035156,84.3499984741211,84.81999969482422,83.68618774414062,5721500,MRK
2019-07-11,83.5,83.66999816894531,79.77999877929688,81.0,79.91725158691406,21131800,MRK
2019-07-12,80.8499984741211,80.9000015258789,78.62999725341797,79.7300033569336,78.66423797607422,18044500,MRK
2019-07-15,80.5999984741211,81.2699966430664,80.12000274658203,80.95999908447266,79.87779235839844,10422300,MRK
2019-07-16,81.31999969482422,81.77999877929688,80.88999938964844,81.58999633789062,80.49935913085938,8061700,MRK
2019-07-17,81.95999908447266,82.33999633789062,81.58000183105469,81.91999816894531,80.82495880126953,9397900,MRK
2019-07-18,82.41000366210938,82.95999908447266,81.5999984741211,82.69000244140625,81.58467102050781,8084600,MRK
2019-07-19,82.69999694824219,82.81999969482422,81.1500015258789,81.38999938964844,80.30204010009766,11501700,MRK
2019-07-22,81.68000030517578,81.81999969482422,81.05000305175781,81.20999908447266,80.12445068359375,6929100,MRK
2019-07-23,81.4800033569336,82.43000030517578,80.88999938964844,82.02999877929688,80.93348693847656,7080600,MRK
2019-07-24,82.0,82.30999755859375,81.12000274658203,81.75,80.65723419189453,7366600,MRK
2019-07-25,81.44999694824219,83.05999755859375,81.05000305175781,81.75,80.65723419189453,9227200,MRK
2019-07-26,81.58000183105469,81.62999725341797,80.91000366210938,81.43000030517578,80.34150695800781,7289100,MRK
2019-07-29,82.0999984741211,82.80000305175781,81.61000061035156,82.48999786376953,81.38733673095703,10614200,MRK
2019-07-30,83.98999786376953,85.16999816894531,82.81999969482422,83.2699966430664,82.15690612792969,13632600,MRK
2019-07-31,82.9000015258789,84.6500015258789,82.83999633789062,82.98999786376953,81.88065338134766,11873500,MRK
2019-08-01,83.05999755859375,84.5,82.63999938964844,83.69000244140625,82.57130432128906,10066800,MRK
2019-08-02,83.87999725341797,84.7699966430664,83.55000305175781,84.47000122070312,83.34087371826172,10413900,MRK
2019-08-05,83.8499984741211,84.33999633789062,82.16000366210938,83.12000274658203,82.00891876220703,11341200,MRK
2019-08-06,83.12000274658203,84.4800033569336,83.0999984741211,84.3499984741211,83.22247314453125,10520300,MRK
2019-08-07,84.20999908447266,84.69000244140625,82.80000305175781,84.25,83.12380981445312,10982500,MRK
2019-08-08,84.75,85.05000305175781,84.31999969482422,84.7300033569336,83.59740447998047,8301300,MRK
2019-08-09,85.0999984741211,86.11000061035156,84.70999908447266,85.5199966430664,84.3768310546875,8557500,MRK
2019-08-12,85.2300033569336,85.93000030517578,84.5199966430664,85.7300033569336,84.58403015136719,7096000,MRK
2019-08-13,85.45999908447266,86.79000091552734,85.45999908447266,86.08000183105469,84.92935180664062,8028300,MRK
2019-08-14,85.37000274658203,85.83999633789062,83.3499984741211,83.4000015258789,82.2851791381836,10888500,MRK
2019-08-15,83.5199966430664,83.8499984741211,82.88999938964844,83.45999908447266,82.34436798095703,9106500,MRK
2019-08-16,84.44999694824219,85.36000061035156,84.1500015258789,85.05999755859375,83.92298126220703,8736900,MRK
2019-08-19,85.58999633789062,86.52999877929688,85.44999694824219,86.19000244140625,85.03787994384766,7304600,MRK
2019-08-20,86.01000213623047,86.7300033569336,85.58000183105469,85.6500015258789,84.50509643554688,5893700,MRK
2019-08-21,86.29000091552734,87.25,86.12999725341797,86.91000366210938,85.74826049804688,6189000,MRK
2019-08-22,86.75,87.19999694824219,86.25,86.72000122070312,85.560791015625,6287000,MRK
2019-08-23,86.22000122070312,86.94000244140625,84.4800033569336,84.94000244140625,83.8045883178711,10122800,MRK
2019-08-26,85.37999725341797,85.9000015258789,85.08000183105469,85.87999725341797,84.73201751708984,5765100,MRK
2019-08-27,86.41999816894531,86.91999816894531,85.44999694824219,85.5199966430664,84.3768310546875,6228100,MRK
2019-08-28,85.26000213623047,86.56999969482422,85.04000091552734,86.4800033569336,85.32400512695312,5877800,MRK
2019-08-29,87.06999969482422,87.3499984741211,86.18000030517578,86.72000122070312,85.560791015625,6031500,MRK
2019-08-30,87.12000274658203,87.22000122070312,86.16999816894531,86.47000122070312,85.31413269042969,6483900,MRK
2019-09-03,86.23999786376953,87.01000213623047,86.04000091552734,86.6500015258789,85.49173736572266,6389200,MRK
2019-09-04,87.13999938964844,87.16999816894531,85.41999816894531,86.05000305175781,84.89974975585938,7507700,MRK
2019-09-05,86.63999938964844,86.66000366210938,85.5,86.0999984741211,84.94908142089844,7180300,MRK
2019-09-06,86.54000091552734,86.93000030517578,86.30999755859375,86.56999969482422,85.41279602050781,6724900,MRK
2019-09-09,86.5,86.5199966430664,82.91999816894531,83.47000122070312,82.35424041748047,11489300,MRK
2019-09-10,82.38999938964844,82.38999938964844,78.8499984741211,81.69000244140625,80.59803009033203,17259000,MRK
2019-09-11,81.86000061035156,83.11000061035156,81.62000274658203,82.91999816894531,81.81158447265625,10116600,MRK
2019-09-12,83.4800033569336,84.08000183105469,82.79000091552734,83.30999755859375,82.19637298583984,8031200,MRK
2019-09-13,82.97000122070312,83.56999969482422,82.12000274658203,82.61000061035156,82.04740142822266,7177000,MRK
2019-09-16,82.44999694824219,82.44999694824219,81.69000244140625,82.02999877929688,81.47135162353516,5907700,MRK
2019-09-17,82.12999725341797,83.5,82.12999725341797,82.51000213623047,81.94808197021484,7037600,MRK
2019-09-18,82.66999816894531,83.27999877929688,82.37999725341797,83.0199966430664,82.45460510253906,6625700,MRK
2019-09-19,83.0199966430664,84.30000305175781,82.87999725341797,83.97000122070312,83.39813995361328,6605700,MRK
2019-09-20,84.73999786376953,85.87000274658203,84.31999969482422,85.16000366210938,84.58003997802734,22548900,MRK
2019-09-23,84.91000366210938,85.22000122070312,84.33999633789062,84.36000061035156,83.78548431396484,8501500,MRK
2019-09-24,84.55000305175781,84.87999725341797,83.38999938964844,83.5999984741211,83.03065490722656,8947600,MRK
2019-09-25,83.47000122070312,84.02999877929688,82.94999694824219,83.0999984741211,82.53406524658203,6957000,MRK
2019-09-26,83.62000274658203,84.08999633789062,83.04000091552734,83.87999725341797,83.30874633789062,7733700,MRK
2019-09-27,83.87999725341797,83.98999786376953,82.58000183105469,82.91000366210938,82.3453598022461,7468600,MRK
2019-09-30,83.20999908447266,85.0999984741211,83.20999908447266,84.18000030517578,83.6067123413086,9357800,MRK
2019-10-01,84.18000030517578,84.5999984741211,83.54000091552734,83.61000061035156,83.04058837890625,6727100,MRK
2019-10-02,83.06999969482422,83.20999908447266,80.54000091552734,81.62000274658203,81.06414794921875,8361100,MRK
2019-10-03,81.93000030517578,82.87999725341797,81.62999725341797,82.73999786376953,82.176513671875,5524900,MRK
2019-10-04,83.41999816894531,85.12000274658203,83.16000366210938,85.0,84.42112731933594,7160800,MRK
2019-10-07,85.02999877929688,85.11000061035156,83.94999694824219,84.38999938964844,83.81527709960938,4853200,MRK
2019-10-08,83.79000091552734,84.41000366210938,83.08000183105469,83.29000091552734,82.72277069091797,6122800,MRK
2019-10-09,84.16999816894531,84.48999786376953,83.52999877929688,84.18000030517578,83.6067123413086,4447400,MRK
2019-10-10,84.13999938964844,84.8499984741211,83.58999633789062,83.76000213623047,83.18956756591797,8187300,MRK
2019-10-11,84.30000305175781,85.44000244140625,84.26000213623047,84.33999633789062,83.76561737060547,5944300,MRK
2019-10-14,84.37000274658203,85.11000061035156,84.29000091552734,84.69000244140625,84.11323547363281,5260700,MRK
2019-10-15,84.9000015258789,85.0999984741211,84.58999633789062,85.04000091552734,84.46085357666016,4966700,MRK
2019-10-16,85.05999755859375,85.08999633789062,84.41999816894531,84.44999694824219,83.87487030029297,5425700,MRK
2019-10-17,84.41999816894531,84.6500015258789,83.73999786376953,83.80000305175781,83.22930145263672,6849700,MRK
2019-10-18,83.70999908447266,84.91000366210938,83.66000366210938,84.68000030517578,84.10330200195312,7522000,MRK
2019-10-21,84.97000122070312,85.05999755859375,84.08000183105469,84.5199966430664,83.94438934326172,5107000,MRK
2019-10-22,82.0,82.68000030517578,80.25,81.30000305175781,80.74632263183594,17775800,MRK
2019-10-23,81.29000091552734,82.87000274658203,81.16000366210938,82.87000274658203,82.30563354492188,8122100,MRK
2019-10-24,83.11000061035156,83.63999938964844,82.04000091552734,82.58000183105469,82.01760864257812,4993100,MRK
2019-10-25,82.2699966430664,82.8499984741211,82.02999877929688,82.26000213623047,81.69978332519531,7508000,MRK
2019-10-28,82.7300033569336,83.47000122070312,80.33999633789062,82.19999694824219,81.64019012451172,14845100,MRK
2019-10-29,84.05000305175781,85.7699966430664,82.69999694824219,85.0999984741211,84.52043914794922,16575100,MRK
2019-10-30,85.0,86.48999786376953,84.31999969482422,86.22000122070312,85.63282012939453,9567600,MRK
2019-10-31,86.0999984741211,86.98999786376953,85.51000213623047,86.66000366210938,86.06982421875,11850600,MRK
2019-11-01,87.06999969482422,87.23999786376953,84.79000091552734,84.94000244140625,84.36153411865234,8855900,MRK
2019-11-04,85.58999633789062,85.69999694824219,83.87999725341797,83.9000015258789,83.32861328125,8537400,MRK
2019-11-05,83.66999816894531,83.75,82.7300033569336,82.91999816894531,82.35528564453125,9482800,MRK
2019-11-06,83.55999755859375,83.95999908447266,83.12999725341797,83.25,82.68304443359375,9289400,MRK
2019-11-07,83.2300033569336,83.98999786376953,82.66999816894531,82.87999725341797,82.31555938720703,8827600,MRK
2019-11-08,82.91000366210938,83.70999908447266,82.70999908447266,83.58999633789062,83.02072143554688,6348400,MRK
2019-11-11,83.16000366210938,83.63999938964844,82.95999908447266,83.27999877929688,82.71283721923828,3554600,MRK
2019-11-12,83.58000183105469,84.81999969482422,83.58000183105469,84.12000274658203,83.547119140625,8222000,MRK
2019-11-13,84.55000305175781,85.11000061035156,84.11000061035156,84.81999969482422,84.24234771728516,6218400,MRK
2019-11-14,84.91999816894531,85.18000030517578,83.69999694824219,84.55000305175781,83.97418975830078,7548900,MRK
2019-11-15,84.69000244140625,85.5999984741211,84.63999938964844,84.9000015258789,84.32180786132812,9232700,MRK
2019-11-18,84.66000366210938,84.81999969482422,83.8499984741211,84.12999725341797,83.55704498291016,10211600,MRK
2019-11-19,84.4000015258789,84.94999694824219,83.97000122070312,84.6500015258789,84.0735092163086,9247500,MRK
2019-11-20,84.52999877929688,85.4800033569336,84.44999694824219,85.2699966430664,84.68928527832031,7786400,MRK
2019-11-21,85.69999694824219,85.7699966430664,84.2699966430664,85.45999908447266,84.87799072265625,6866000,MRK
2019-11-22,85.6500015258789,86.36000061035156,85.31999969482422,85.44999694824219,84.86805725097656,7442900,MRK
2019-11-25,86.04000091552734,86.58999633789062,85.33999633789062,85.69999694824219,85.1163558959961,8608100,MRK
2019-11-26,86.0,87.44000244140625,85.91000366210938,87.33999633789062,86.74518585205078,18352500,MRK
2019-11-27,87.4000015258789,87.87000274658203,86.98999786376953,87.61000061035156,87.01335144042969,5760800,MRK
2019-11-29,87.16999816894531,87.7699966430664,87.02999877929688,87.18000030517578,86.5862808227539,4656700,MRK
2019-12-02,87.54000091552734,87.98999786376953,86.55000305175781,87.04000091552734,86.44723510742188,5341600,MRK
2019-12-03,86.68000030517578,87.47000122070312,86.5,87.37999725341797,86.784912109375,7124200,MRK
2019-12-04,87.52999877929688,88.7300033569336,87.18000030517578,88.66999816894531,88.06613159179688,6959700,MRK
2019-12-05,88.7300033569336,88.79000091552734,87.97000122070312,88.75,88.14558410644531,7888800,MRK
2019-12-06,89.0,89.23999786376953,88.75,88.8499984741211,88.24490356445312,6914000,MRK
2019-12-09,88.9000015258789,89.0,88.19999694824219,88.72000122070312,88.11579132080078,7685900,MRK
2019-12-10,88.5999984741211,89.52999877929688,88.51000213623047,89.0999984741211,88.49320220947266,8266900,MRK
2019-12-11,89.13999938964844,89.48999786376953,88.8499984741211,88.9800033569336,88.3740234375,6509300,MRK
2019-12-12,89.04000091552734,89.95999908447266,88.91000366210938,89.56999969482422,88.95999908447266,6549500,MRK
2019-12-13,89.19999694824219,89.58999633789062,88.44000244140625,89.19000244140625,89.19000244140625,7225000,MRK
2019-12-16,89.6500015258789,90.0,89.18000030517578,89.29000091552734,89.29000091552734,9880900,MRK
2019-12-17,89.33000183105469,89.44999694824219,88.5199966430664,89.0199966430664,89.0199966430664,11155100,MRK
2019-12-18,89.3499984741211,90.0,89.12999725341797,89.62000274658203,89.62000274658203,11047900,MRK
2019-12-19,89.88999938964844,90.08999633789062,89.48999786376953,89.98999786376953,89.98999786376953,7254500,MRK
2019-12-20,91.45999908447266,92.63999938964844,90.83999633789062,91.58000183105469,91.58000183105469,17032100,MRK
2019-12-23,91.83000183105469,92.0199966430664,91.44000244140625,91.73999786376953,91.73999786376953,7534300,MRK
2019-12-24,91.63999938964844,91.7300033569336,91.06999969482422,91.44000244140625,91.44000244140625,2235900,MRK
2019-12-26,91.5999984741211,91.72000122070312,91.06999969482422,91.33999633789062,91.33999633789062,2922400,MRK
2019-12-27,91.68000030517578,91.69999694824219,91.2699966430664,91.5,91.5,3586800,MRK
2019-12-30,91.52999877929688,91.69000244140625,90.7300033569336,91.02999877929688,91.02999877929688,3752800,MRK
2019-12-31,90.91999816894531,90.98999786376953,90.44000244140625,90.94999694824219,90.94999694824219,4495000,MRK
